JOB 0
COORDS -9.5891404710e-01 -3.2905440540e-01 -8.4880321890e-01 -7.2838979150e-01 -1.5530380110e-01  8.0098374200e-02  7.3059993100e-01 -1.5134836270e-01 -6.4163600700e-02  9.6313693550e-01 -2.2862527950e-01  8.7719643260e-01
ENERGY -1.515335571524e+02

JOB 1
COORDS -9.4952122580e-01 -3.9085669480e-01 -8.3201908700e-01 -7.2850045660e-01 -9.4108314000e-02  6.7753038300e-02  7.2979075750e-01 -8.9351204900e-02 -5.8203621400e-02  9.5466415600e-01 -2.9001564870e-01  8.6679759640e-01
ENERGY -1.515339220846e+02

JOB 2
COORDS -9.3504126120e-01 -4.5066264010e-01 -8.0668302430e-01 -7.2842626800e-01 -3.6424538700e-02  4.9446546300e-02  7.2858338420e-01 -2.8375653900e-02 -4.6209050900e-02  9.4131741410e-01 -3.4886903390e-01  8.4777350270e-01
ENERGY -1.515343387001e+02

JOB 3
COORDS -9.1463791100e-01 -5.0602949200e-01 -7.7531032260e-01 -7.2829489940e-01  1.8457258200e-02  2.3781972900e-02  7.2700200880e-01  2.8798770400e-02 -2.6797993300e-02  9.2236415930e-01 -4.0555847710e-01  8.2265429790e-01
ENERGY -1.515345552595e+02

JOB 4
COORDS -8.9521133950e-01 -5.5791037210e-01 -7.3260828760e-01 -7.2752140050e-01  6.8230505600e-02 -4.9017269000e-03  7.2504800190e-01  8.2461164500e-02 -4.8648462000e-03  9.0411808780e-01 -4.5711317420e-01  7.8670273700e-01
ENERGY -1.515343256176e+02

JOB 5
COORDS -8.7589009610e-01 -5.9973242060e-01 -6.8602971150e-01 -7.2577541030e-01  1.1387101740e-01 -3.8399272100e-02  7.2325559430e-01  1.2996593350e-01  2.4720528100e-02  8.8484331580e-01 -5.0843643100e-01  7.4403634150e-01
ENERGY -1.515333870283e+02

JOB 6
COORDS -8.5621971060e-01 -6.3824236150e-01 -6.3665776650e-01 -7.2393842460e-01  1.5172037870e-01 -7.9436682400e-02  7.1963279540e-01  1.7306456220e-01  6.1516969400e-02  8.6695855250e-01 -5.5087447440e-01  6.9890533630e-01
ENERGY -1.515315846835e+02

JOB 7
COORDS -8.4251843510e-01 -6.6808244810e-01 -5.8673887170e-01 -7.1889134610e-01  1.8351582580e-01 -1.2660462470e-01  7.1488995550e-01  2.0843278360e-01  1.0563371350e-01  8.5295303610e-01 -5.8819800590e-01  6.5203769990e-01
ENERGY -1.515290098711e+02

JOB 8
COORDS -8.3781795880e-01 -6.9010573390e-01 -5.3710441240e-01 -7.1034763520e-01  2.0798960870e-01 -1.7823691100e-01  7.0698508280e-01  2.3593399200e-01  1.5491284780e-01  8.4761351270e-01 -6.1814963630e-01  6.0475638840e-01
ENERGY -1.515260233672e+02

JOB 9
COORDS -8.4099579730e-01 -7.0501717500e-01 -4.9091313850e-01 -6.9734264670e-01  2.2431980140e-01 -2.3352024410e-01  6.9442458670e-01  2.5621477390e-01  2.0880102910e-01  8.5034699570e-01 -6.3984916720e-01  5.5996031330e-01
ENERGY -1.515232061231e+02

JOB 10
COORDS -8.5255002490e-01 -7.1256782130e-01 -4.4662947360e-01 -6.7865922180e-01  2.3320871270e-01 -2.8906836200e-01  6.7685584570e-01  2.6882567710e-01  2.6307774100e-01  8.6078644360e-01 -6.5379838480e-01  5.1694805880e-01
ENERGY -1.515211809244e+02

JOB 11
COORDS -8.7072541490e-01 -7.1394677750e-01 -4.0392310270e-01 -6.5549176340e-01  2.3418359170e-01 -3.4157123180e-01  6.5365700550e-01  2.7493349980e-01  3.1552070860e-01  8.7899320260e-01 -6.5950210420e-01  4.7430152830e-01
ENERGY -1.515204326049e+02

JOB 12
COORDS -8.9319168440e-01 -7.1112929020e-01 -3.6342533610e-01 -6.2807015530e-01  2.2605129710e-01 -3.9220925580e-01  6.2419941290e-01  2.7585142420e-01  3.6480933790e-01  9.0349535100e-01 -6.5510516940e-01  4.3515321190e-01
ENERGY -1.515211605851e+02

JOB 13
COORDS -9.1986463510e-01 -7.0170302000e-01 -3.2880054410e-01 -5.9522700870e-01  2.1076297680e-01 -4.4043099590e-01  5.8941319930e-01  2.6965997630e-01  4.1231074690e-01  9.3211125360e-01 -6.4305167350e-01  4.0124871570e-01
ENERGY -1.515231882313e+02

JOB 14
COORDS -9.5440204790e-01 -6.8233261040e-01 -3.0188773920e-01 -5.5790184580e-01  1.9018040740e-01 -4.8362403060e-01  5.5240861620e-01  2.5361442800e-01  4.5679026030e-01  9.6632803790e-01 -6.2579384800e-01  3.7304927010e-01
ENERGY -1.515260227344e+02

JOB 15
COORDS -9.9721003980e-01 -6.5357323230e-01 -2.8060144110e-01 -5.2055047680e-01  1.6373717230e-01 -5.1921960250e-01  5.1680371410e-01  2.2805717160e-01  4.9578281160e-01  1.0073896239e+00 -6.0255269380e-01  3.4836595400e-01
ENERGY -1.515290132499e+02

JOB 16
COORDS -8.7140843770e-01  1.2058697020e-01 -6.6602889850e-01 -7.1704202920e-01 -6.0496838800e-01 -3.2161220100e-02  7.2805156960e-01 -5.8424708120e-01  9.2436210700e-02  8.6683230260e-01  2.0429659370e-01  6.5008200880e-01
ENERGY -1.515315839220e+02

JOB 17
COORDS -8.9013270520e-01  7.8158748800e-02 -7.1069599600e-01 -7.2016546880e-01 -5.6209234970e-01  5.0373902000e-03  7.2951909870e-01 -5.4617105000e-01  5.1167664800e-02  8.8721251910e-01  1.6577272870e-01  6.9881901670e-01
ENERGY -1.515333886521e+02

JOB 18
COORDS -9.0997396970e-01  2.7105995200e-02 -7.5321528810e-01 -7.2165392400e-01 -5.1445450770e-01  3.4843460500e-02  7.3080998470e-01 -5.0064530500e-01  1.7744092400e-02  9.0725124040e-01  1.2366185850e-01  7.4495588230e-01
ENERGY -1.515343256313e+02

JOB 19
COORDS -9.2851944530e-01 -2.3969310900e-02 -7.8914543950e-01 -7.2337149870e-01 -4.6070236900e-01  5.6783717600e-02  7.3109795470e-01 -4.5094405450e-01 -1.0770658400e-02  9.2722616680e-01  7.1283847000e-02  7.8746048210e-01
ENERGY -1.515345560649e+02

JOB 20
COORDS -9.4278792360e-01 -8.0189983800e-02 -8.1982436960e-01 -7.2520677110e-01 -4.0305986810e-01  7.2157718200e-02  7.3119317220e-01 -3.9653120370e-01 -3.1968077600e-02  9.4323458140e-01  1.5449180300e-02  8.2396275030e-01
ENERGY -1.515343398930e+02

JOB 21
COORDS -9.5439247540e-01 -1.4315169560e-01 -8.4144177660e-01 -7.2621396430e-01 -3.4372412860e-01  8.2788741600e-02  7.3169855040e-01 -3.3715408130e-01 -4.8063423100e-02  9.5534094310e-01 -4.0301952100e-02  8.5104440370e-01
ENERGY -1.515339222153e+02

JOB 22
COORDS -9.6279650380e-01 -2.0651696890e-01 -8.5255597520e-01 -7.2724395970e-01 -2.8212014210e-01  8.8202570500e-02  7.3180389950e-01 -2.7554288790e-01 -5.9676627800e-02  9.6466972510e-01 -1.0015184890e-01  8.6835788340e-01
ENERGY -1.515335569572e+02

JOB 23
COORDS -9.6364352830e-01 -2.6852970250e-01 -8.5492575080e-01 -7.2784437070e-01 -2.1873371970e-01  8.7417166700e-02  7.3107976080e-01 -2.1343206320e-01 -6.5253777200e-02  9.6684120910e-01 -1.6363635980e-01  8.7709027390e-01
ENERGY -1.515334121438e+02

