JOB 0
COORDS -9.5958379958e-01 -3.2816169119e-01 -8.4817774945e-01 -7.2830481855e-01 -1.5497359865e-01  8.0640597183e-02  7.3057678928e-01 -1.5167546932e-01 -6.4645747155e-02  9.6374538671e-01 -2.2952124286e-01  8.7651084466e-01
ENERGY -1.515335571239e+02
GRADIENT -1.2895900000e-05  5.4853000000e-04 -9.3616300000e-05  1.3772300000e-05 -5.3813250000e-04  9.5831000000e-05  4.0536000000e-06 -6.0568600000e-04 -5.6141600000e-05 -4.9301000000e-06  5.9528850000e-04  5.3926900000e-05

JOB 1
COORDS -9.5008067495e-01 -3.9004618028e-01 -8.3137728062e-01 -7.2827825581e-01 -9.3822944593e-02  6.8299689771e-02  7.2962252639e-01 -8.9651540097e-02 -5.8626262090e-02  9.5516994311e-01 -2.9081132990e-01  8.6603179973e-01
ENERGY -1.515339219954e+02
GRADIENT  3.7748000000e-06  8.7382570000e-04 -2.1440630000e-04  1.7446190000e-04 -8.8653650000e-04  2.5566830000e-04 -1.8023550000e-04 -8.8294970000e-04 -1.5864580000e-04  1.9988000000e-06  8.9566070000e-04  1.1738380000e-04

JOB 2
COORDS -9.3562930818e-01 -4.4958885867e-01 -8.0613599451e-01 -7.2829269265e-01 -3.5869101870e-02  5.0122147348e-02  7.2867993701e-01 -2.8889346647e-02 -4.6699080894e-02  9.4167559911e-01 -3.4998468344e-01  8.4704088258e-01
ENERGY -1.515343385025e+02
GRADIENT  1.3632500000e-05  6.4017960000e-04 -3.5623860000e-04 -2.6140000000e-07 -6.4787210000e-04  4.2591530000e-04  1.3868000000e-05 -7.2014910000e-04 -3.6705790000e-04 -2.7239100000e-05  7.2784170000e-04  2.9738120000e-04

JOB 3
COORDS -9.1458718735e-01 -5.0605721645e-01 -7.7534215275e-01 -7.2830687499e-01  1.8440970692e-02  2.3756712163e-02  7.2699037224e-01  2.8815068621e-02 -2.6773154044e-02  9.2233722424e-01 -4.0553081012e-01  8.2268654987e-01
ENERGY -1.515345548844e+02
GRADIENT  1.6921500000e-05  7.9488300000e-05 -7.0981700000e-05 -3.6353600000e-05 -4.9631900000e-05  5.9347400000e-05  4.3815100000e-05 -6.4403700000e-05 -4.2349100000e-05 -2.4382900000e-05  3.4547300000e-05  5.3983500000e-05

JOB 4
COORDS -8.9515818327e-01 -5.5796020815e-01 -7.3264413134e-01 -7.2753171482e-01  6.8194372352e-02 -4.9330641747e-03  7.2503038234e-01  8.2497645398e-02 -4.8369146781e-03  9.0409305749e-01 -4.5706380139e-01  7.8674206429e-01
ENERGY -1.515343257586e+02
GRADIENT  2.6846300000e-05 -8.5192780000e-04  7.0553090000e-04 -2.1588300000e-05  8.4965510000e-04 -8.7048700000e-04 -1.4023000000e-05  9.8311040000e-04  8.0512210000e-04  8.7649000000e-06 -9.8083780000e-04 -6.4016600000e-04

JOB 5
COORDS -8.7584292697e-01 -5.9979363559e-01 -6.8603928401e-01 -7.2579878992e-01  1.1382822820e-01 -3.8411549505e-02  7.2322503113e-01  1.3000877580e-01  2.4727869292e-02  8.8485022961e-01 -5.0837536334e-01  7.4405092120e-01
ENERGY -1.515333872213e+02
GRADIENT -5.0593300000e-05 -1.9822691000e-03  2.1415728000e-03  5.7135100000e-05  1.9329717000e-03 -2.6600518000e-03 -8.2276200000e-05  2.1650507000e-03  2.4017783000e-03  7.5734400000e-05 -2.1157532000e-03 -1.8832993000e-03

JOB 6
COORDS -8.5909932130e-01 -6.3276627975e-01 -6.3658601039e-01 -7.2209578585e-01  1.5544701430e-01 -7.8029581770e-02  7.2151732485e-01  1.6939855172e-01  6.1528978602e-02  8.6611129963e-01 -5.5641129742e-01  6.9741457817e-01
ENERGY -1.515315844920e+02
GRADIENT -3.6398080000e-04 -2.6542280000e-03  3.8556316000e-03  4.7245130000e-04  2.6274543000e-03 -4.8637276000e-03 -4.8483030000e-04  3.0893484000e-03  4.5763507000e-03  3.7635990000e-04 -3.0625747000e-03 -3.5682547000e-03

JOB 7
COORDS -8.4604049894e-01 -6.6279550334e-01 -5.8569366063e-01 -7.1719226063e-01  1.8735863125e-01 -1.2432636982e-01  7.1721673004e-01  2.0469670936e-01  1.0482945742e-01  8.5244956001e-01 -5.9359185214e-01  6.4951852966e-01
ENERGY -1.515290108779e+02
GRADIENT -8.0929620000e-04 -2.7896633000e-03  5.3512406000e-03  1.0193375000e-03  2.6894420000e-03 -6.8445899000e-03 -1.0524797000e-03  3.3797535000e-03  6.5321388000e-03  8.4243860000e-04 -3.2795321000e-03 -5.0387893000e-03

JOB 8
COORDS -8.3957632148e-01 -6.8769317965e-01 -5.3646335174e-01 -7.0972068661e-01  2.0980125576e-01 -1.7693361000e-01  7.0830679917e-01  2.3421154404e-01  1.5444399418e-01  8.4742375721e-01 -6.2065163038e-01  6.0328092881e-01
ENERGY -1.515260229819e+02
GRADIENT -1.3213972000e-03 -2.1683719000e-03  5.8689363000e-03  1.6980343000e-03  2.0667035000e-03 -7.6578773000e-03 -1.7361569000e-03  2.8299807000e-03  7.4171454000e-03  1.3595198000e-03 -2.7283122000e-03 -5.6282043000e-03

JOB 9
COORDS -8.4172285582e-01 -7.0481750869e-01 -4.8978059196e-01 -6.9757968974e-01  2.2450462261e-01 -2.3261162465e-01  6.9484398168e-01  2.5605649445e-01  2.0789061120e-01  8.5089211885e-01 -6.4007561871e-01  5.5882956931e-01
ENERGY -1.515232053109e+02
GRADIENT -1.5660345000e-03 -1.1561461000e-03  5.0420295000e-03  2.0372286000e-03  1.0637976000e-03 -6.6261691000e-03 -2.0572247000e-03  1.7195978000e-03  6.4687338000e-03  1.5860306000e-03 -1.6272495000e-03 -4.8845943000e-03

JOB 10
COORDS -8.5437228814e-01 -7.1348980679e-01 -4.4211663564e-01 -6.8050175495e-01  2.3254898025e-01 -2.8604923121e-01  6.7777566809e-01  2.6947908008e-01  2.5948290445e-01  8.6353192998e-01 -6.5287025872e-01  5.1301092373e-01
ENERGY -1.515211809370e+02
GRADIENT -1.1291633000e-03 -2.7123750000e-04  2.8384803000e-03  1.5030877000e-03  2.0676740000e-04 -3.8032561000e-03 -1.5337249000e-03  5.9879270000e-04  3.7964363000e-03  1.1598006000e-03 -5.3432240000e-04 -2.8316604000e-03

JOB 11
COORDS -8.7028514432e-01 -7.1596158030e-01 -4.0288636680e-01 -6.5661359505e-01  2.3255834903e-01 -3.4113733778e-01  6.5284605796e-01  2.7643538824e-01  3.1455809148e-01  8.8048623384e-01 -6.5736416471e-01  4.7379357017e-01
ENERGY -1.515204332770e+02
GRADIENT -3.7604900000e-05  9.8369000000e-06  7.1640000000e-07  1.7833480000e-04 -1.7355000000e-05  5.7907000000e-06 -1.4111770000e-04  4.8022000000e-06 -2.5329900000e-05  3.8790000000e-07  2.7158000000e-06  1.8822900000e-05

JOB 12
COORDS -8.9235771310e-01 -7.1422277145e-01 -3.6152153013e-01 -6.2986405081e-01  2.2364121912e-01 -3.9201540344e-01  6.2327308531e-01  2.7814042481e-01  3.6322979712e-01  9.0538224444e-01 -6.5189087736e-01  4.3463510699e-01
ENERGY -1.515211613051e+02
GRADIENT  1.5677025000e-03 -4.8643250000e-04 -2.6438979000e-03 -2.1240213000e-03  5.8271470000e-04  3.4669801000e-03  2.1180633000e-03  1.9973230000e-04 -3.4500271000e-03 -1.5617445000e-03 -2.9601470000e-04  2.6269450000e-03

JOB 13
COORDS -9.1870297013e-01 -7.0547279846e-01 -3.2670486632e-01 -5.9721362337e-01  2.0783877265e-01 -4.4052158200e-01  5.8827939284e-01  2.7243364597e-01  4.1059469499e-01  9.3407075270e-01 -6.3913163198e-01  4.0095972653e-01
ENERGY -1.515231878973e+02
GRADIENT  3.0563168000e-03 -1.5772792000e-03 -4.1511050000e-03 -4.0810328000e-03  1.6776741000e-03  5.5105396000e-03  4.0525316000e-03  1.1142903000e-03 -5.6448659000e-03 -3.0278156000e-03 -1.2146853000e-03  4.2854314000e-03

JOB 14
COORDS -9.5311803054e-01 -6.8617155403e-01 -3.0009267552e-01 -5.5964830873e-01  1.8723605346e-01 -4.8411707087e-01  5.5123312131e-01  2.5642112598e-01  4.5532234977e-01  9.6796677684e-01 -6.2181764410e-01  3.7321536557e-01
ENERGY -1.515260219449e+02
GRADIENT  3.8774653000e-03 -2.6788627000e-03 -4.3730329000e-03 -5.1110972000e-03  2.7309607000e-03  5.7697774000e-03  5.0288867000e-03  2.1849979000e-03 -6.0318301000e-03 -3.7952549000e-03 -2.2370959000e-03  4.6350855000e-03

JOB 15
COORDS -9.9604652595e-01 -6.5739294011e-01 -2.7880726421e-01 -5.2219635525e-01  1.6090081668e-01 -5.1960977990e-01  5.1578121299e-01  2.3076062423e-01  4.9437373236e-01  1.0088952206e+00 -5.9860052385e-01  3.4837127023e-01
ENERGY -1.515290128273e+02
GRADIENT  3.7170061000e-03 -3.2132954000e-03 -3.5556744000e-03 -4.7965857000e-03  3.2209907000e-03  4.5955153000e-03  4.7179342000e-03  2.8220652000e-03 -4.9702941000e-03 -3.6383545000e-03 -2.8297605000e-03  3.9304533000e-03

JOB 16
COORDS -8.6824332744e-01  1.1652966417e-01 -6.7207718873e-01 -7.1597478225e-01 -6.0661014364e-01 -3.4947672592e-02  7.2833568329e-01 -5.8245909879e-01  9.7769405904e-02  8.6231596497e-01  2.0820762115e-01  6.5358340847e-01
ENERGY -1.515315850786e+02
GRADIENT -3.6539630000e-04  3.0782881000e-03  3.5659763000e-03  3.9413660000e-04 -3.1098491000e-03 -4.5592492000e-03 -3.3468280000e-04 -2.6189808000e-03  4.8585564000e-03  3.0594250000e-04  2.6505418000e-03 -3.8652835000e-03

JOB 17
COORDS -8.8652746492e-01  7.3901437700e-02 -7.1683951352e-01 -7.1941032433e-01 -5.6358578449e-01  2.0234207415e-03  7.2993511322e-01 -5.4454535392e-01  5.6498087250e-02  8.8243621153e-01  1.6989773062e-01  7.0264596146e-01
ENERGY -1.515333873545e+02
GRADIENT -6.8375400000e-05  2.1143704000e-03  1.8805771000e-03  7.3372900000e-05 -2.1642874000e-03 -2.3969653000e-03 -3.9778300000e-05 -1.9331507000e-03  2.6619304000e-03  3.4780600000e-05  1.9830677000e-03 -2.1455423000e-03

JOB 18
COORDS -9.0597490834e-01  2.2465334526e-02 -7.5939276788e-01 -7.2112791376e-01 -5.1599165013e-01  3.1613121043e-02  7.3136928870e-01 -4.9898862201e-01  2.3005356586e-02  9.0216707370e-01  1.2818295529e-01  7.4910224313e-01
ENERGY -1.515343261569e+02
GRADIENT -4.5198000000e-06  9.8597290000e-04  6.3824400000e-04  1.2303700000e-05 -9.8460550000e-04 -8.0525490000e-04  2.5759500000e-05 -8.5143140000e-04  8.7184330000e-04 -3.3543500000e-05  8.5006380000e-04 -7.0483240000e-04

JOB 19
COORDS -9.2418021219e-01 -2.8844026876e-02 -7.9530419504e-01 -7.2307033923e-01 -4.6217165753e-01  5.3338114511e-02  7.3174670837e-01 -4.4937677344e-01 -5.6310686830e-03  9.2193739388e-01  7.6060470380e-02  7.9192510540e-01
ENERGY -1.515345559471e+02
GRADIENT  1.8761600000e-05 -3.2852500000e-05 -5.7960300000e-05  2.7271200000e-05  6.0043600000e-05  3.6181100000e-05 -3.9034200000e-05  5.3465000000e-05 -4.7685700000e-05 -6.9986000000e-06 -8.0656100000e-05  6.9464900000e-05

JOB 20
COORDS -9.4281795179e-01 -8.5439504636e-02 -8.2062375151e-01 -7.2473784275e-01 -4.0491272290e-01  7.2432189587e-02  7.3171497356e-01 -3.9459870446e-01 -3.1087372725e-02  9.4227437228e-01  2.0618957739e-02  8.2360689778e-01
ENERGY -1.515343388485e+02
GRADIENT -2.4215000000e-06 -7.4647890000e-04 -2.5898270000e-04  6.0250000000e-07  7.3461240000e-04  2.9056560000e-04 -1.7095500000e-05  6.7500160000e-04 -3.4415010000e-04  1.8914600000e-05 -6.6313510000e-04  3.1256710000e-04

JOB 21
COORDS -9.4805251954e-01 -1.4562516913e-01 -8.4468050683e-01 -7.2733970637e-01 -3.4436796946e-01  8.1595114485e-02  7.3310124659e-01 -3.3666134352e-01 -4.6379744676e-02  9.4872455122e-01 -3.7677509392e-02  8.5379308832e-01
ENERGY -1.515339125362e+02
GRADIENT  7.2546460000e-04 -8.4218690000e-04 -1.7271020000e-04 -1.1618195000e-03  8.7478040000e-04  1.1935268000e-03  1.1766416000e-03  7.9916890000e-04 -1.2755446000e-03 -7.4028660000e-04 -8.3176240000e-04  2.5472790000e-04

JOB 22
COORDS -9.5859739840e-01 -2.0847901110e-01 -8.5701660232e-01 -7.2761753348e-01 -2.8223128200e-01  8.4933225874e-02  7.3207767968e-01 -2.7540857767e-01 -5.6136059309e-02  9.6057081144e-01 -9.8213120736e-02  8.7254738696e-01
ENERGY -1.515335565829e+02
GRADIENT -6.5526800000e-05 -6.0156880000e-04  3.8081300000e-05 -2.4935500000e-04  6.0525460000e-04 -1.2897780000e-04  2.2015830000e-04  5.5861860000e-04  7.7227100000e-05  9.4723400000e-05 -5.6230440000e-04  1.3669500000e-05

JOB 23
COORDS -9.5905257962e-01 -2.7015513371e-01 -8.5863171541e-01 -7.2679189507e-01 -2.1888985355e-01  8.4497504343e-02  7.2993178925e-01 -2.1327589282e-01 -6.2315309783e-02  9.6234624044e-01 -1.6201111145e-01  8.8077747205e-01
ENERGY -1.515334075905e+02
GRADIENT  2.0943910000e-04  4.3899500000e-05 -6.8762900000e-05  1.4727915000e-03  9.6373000000e-06  1.3056990000e-04 -1.4896842000e-03 -9.9897000000e-06 -1.2780880000e-04 -1.9254640000e-04 -4.3547100000e-05  6.6001700000e-05

