JOB 0
COORDS -9.7411616591e-01 -3.2946615630e-01 -8.5568589491e-01 -7.0733944798e-01 -1.5734189089e-01  5.6428899308e-02  7.0964198985e-01 -1.5178754984e-01 -4.0574477705e-02  9.7824715185e-01 -2.2573638776e-01  8.8415943761e-01
ENERGY -9.054548876052e+00
GRADIENT  6.1682858117e-06 -5.0034008876e-04  8.0990561947e-05  1.1956495821e-05  4.9951924400e-04 -9.9623235744e-05 -1.9434367134e-05  5.0685713976e-04  4.8014240278e-05  1.3095855010e-06 -5.0603629500e-04 -2.9381566480e-05

JOB 1
COORDS -9.6667592737e-01 -3.8908322220e-01 -8.3972034548e-01 -7.0751088675e-01 -9.7480348773e-02  4.4177429793e-02  7.0891687877e-01 -9.0990874278e-02 -3.4510603015e-02  9.7170346314e-01 -2.8677753945e-01  8.7438148300e-01
ENERGY -9.054213732945e+00
GRADIENT  1.5535617661e-05 -8.6834997206e-04  2.6069750930e-04  5.2023539451e-06  8.6496858511e-04 -3.2963944221e-04 -1.8272188455e-05  8.9397754521e-04  2.3943716342e-04 -2.4657831515e-06 -8.9059615826e-04 -1.7049523051e-04

JOB 2
COORDS -9.5479301021e-01 -4.4593979698e-01 -8.1570363039e-01 -7.0723976156e-01 -4.0221916014e-02  2.6235896315e-02  7.0778350894e-01 -3.2207892879e-02 -2.2519905442e-02  9.6068279073e-01 -3.4596237883e-01  8.5631560382e-01
ENERGY -9.053721658670e+00
GRADIENT  1.7944469210e-05 -1.0895086672e-03  4.8454152433e-04  9.4878482279e-06  1.0825298933e-03 -6.2460250698e-04 -2.6005914737e-05  1.1404817260e-03  5.1060201063e-04 -1.4264027014e-06 -1.1335029520e-03 -3.7054102798e-04

JOB 3
COORDS -9.3884385500e-01 -4.9904330574e-01 -7.8423767551e-01 -7.0637349648e-01  1.3426624132e-02  2.9616372128e-03  7.0610452215e-01  2.3521193955e-02 -4.8547505821e-03  9.4554635734e-01 -4.0223649715e-01  8.3045875318e-01
ENERGY -9.053101808726e+00
GRADIENT  1.7853293403e-05 -1.2408910139e-03  8.2501570210e-04 -2.5894244955e-05  1.2282997435e-03 -1.0693671789e-03  6.8756641283e-06  1.3314914551e-03  9.3809578629e-04  1.1652874239e-06 -1.3189001846e-03 -6.9374430951e-04

JOB 4
COORDS -9.1964411385e-01 -5.4756654251e-01 -7.4623488614e-01 -7.0482206892e-01  6.2600452165e-02 -2.5361400685e-02  7.0380291680e-01  7.5305805471e-02  1.8290936358e-02  9.2709679387e-01 -4.5467169983e-01  7.9763331477e-01
ENERGY -9.052305336834e+00
GRADIENT -2.5953521614e-05 -1.4851719130e-03  1.3234237208e-03 -4.4318269202e-05  1.4626269965e-03 -1.7528677312e-03  2.1303268101e-05  1.6347501524e-03  1.5940280135e-03  4.8968522715e-05 -1.6122052358e-03 -1.1645840032e-03

JOB 5
COORDS -8.9849386827e-01 -5.9075228846e-01 -7.0279637004e-01 -7.0251598702e-01  1.0647906379e-01 -5.8687722603e-02  7.0082142577e-01  1.2232416392e-01  4.6955879669e-02  9.0662195741e-01 -5.0238292385e-01  7.5885617737e-01
ENERGY -9.051207979386e+00
GRADIENT -1.3300113637e-04 -1.8410945226e-03  2.1038810950e-03  2.0900240647e-05  1.8030755797e-03 -2.8290083554e-03 -4.9771869789e-05  2.0824864574e-03  2.6297489539e-03  1.6187276552e-04 -2.0444675145e-03 -1.9046216935e-03

JOB 6
COORDS -8.7772126400e-01 -6.2786127383e-01 -6.5553483017e-01 -6.9904198935e-01  1.4421260648e-01 -9.7283586593e-02  6.9675921975e-01  1.6375207301e-01  8.1492185920e-02  8.8643756150e-01 -5.4443539036e-01  7.1565419534e-01
ENERGY -9.049681307865e+00
GRADIENT -3.6029493816e-04 -2.1547079693e-03  3.1266161198e-03  3.7073279835e-04  2.0975934996e-03 -4.2418617282e-03 -4.0500485918e-04  2.5147619416e-03  4.0053309053e-03  3.9456699899e-04 -2.4576474720e-03 -2.8900852968e-03

JOB 7
COORDS -8.6070953500e-01 -6.5815693532e-01 -6.0668405145e-01 -6.9354078005e-01  1.7491958376e-01 -1.4137570588e-01  6.9076998987e-01  1.9872321182e-01  1.2221619987e-01  8.6991385308e-01 -5.7981784497e-01  6.7017152185e-01
ENERGY -9.047704260275e+00
GRADIENT -7.4665868944e-04 -2.1495296363e-03  4.1009601454e-03  1.0487116677e-03  2.0749761638e-03 -5.5985201182e-03 -1.0836049898e-03  2.6209889959e-03  5.3577016215e-03  7.8155201153e-04 -2.5464355234e-03 -3.8601416488e-03

JOB 8
COORDS -8.5075605860e-01 -6.8117443581e-01 -5.5868363042e-01 -6.8484782489e-01  1.9802489877e-01 -1.9036551238e-01  6.8169830879e-01  2.2658707661e-01  1.6859220476e-01  8.6033910269e-01 -6.0776952427e-01  6.2478490234e-01
ENERGY -9.045455160958e+00
GRADIENT -1.1898911597e-03 -1.7386839751e-03  4.4724669410e-03  1.7454358005e-03  1.6565066257e-03 -6.1554222526e-03 -1.7744734588e-03  2.2513995525e-03  5.9550169973e-03  1.2189288180e-03 -2.1692222031e-03 -4.2720616857e-03

JOB 9
COORDS -8.4922709929e-01 -6.9677161469e-01 -5.1312477613e-01 -6.7181309131e-01  2.1339214612e-01 -2.4251823821e-01  6.6839761071e-01  2.4701349944e-01  2.1890935953e-01  8.5907610789e-01 -6.2796601557e-01  5.8106161910e-01
ENERGY -9.043318721282e+00
GRADIENT -1.3162365662e-03 -9.0316576866e-04  3.8782044835e-03  1.8642736268e-03  8.3101277403e-04 -5.3645968829e-03 -1.8804623258e-03  1.3476724891e-03  5.2528695401e-03  1.3324252652e-03 -1.2755194945e-03 -3.7664771407e-03

JOB 10
COORDS -8.5683145953e-01 -7.0521302430e-01 -4.7131333038e-01 -6.5328404448e-01  2.2133989328e-01 -2.9553903916e-01  6.4971251046e-01  2.6006752155e-01  2.7085314769e-01  8.6683652155e-01 -6.4052637533e-01  5.4032718615e-01
ENERGY -9.041773360676e+00
GRADIENT -9.5705243258e-04 -2.1303657724e-04  2.2098758671e-03  1.3575051783e-03  1.7180931611e-04 -3.0718317034e-03 -1.3622368720e-03  4.6498499193e-04  3.0391756162e-03  9.6178412628e-04 -4.2375773080e-04 -2.1772197799e-03

JOB 11
COORDS -8.7243459683e-01 -7.0684126852e-01 -4.3345055679e-01 -6.2908203301e-01  2.2232576303e-01 -3.4717405868e-01  6.2545930687e-01  2.6597112149e-01  3.2213486138e-01  8.8249085106e-01 -6.4578760069e-01  5.0281771829e-01
ENERGY -9.041208769230e+00
GRADIENT -1.3042296112e-05 -1.8015717067e-05 -6.1340562283e-06  3.6138896651e-05  1.8820088439e-05  1.8472738113e-05 -3.6399812318e-05  1.6294107395e-05 -2.0273464378e-05  1.3303211779e-05 -1.7098478767e-05  7.9347824935e-06

JOB 12
COORDS -8.9507593520e-01 -7.0182635135e-01 -3.9966497440e-01 -5.9971407688e-01  2.1660311746e-01 -3.9573500915e-01  5.9614249219e-01  2.6481112515e-01  3.7104876750e-01  9.0508104809e-01 -6.4391987595e-01  4.6867918024e-01
ENERGY -9.041773357588e+00
GRADIENT  1.3104608543e-03 -3.8998133410e-04 -1.9934595722e-03 -1.8467864975e-03  4.2611041261e-04  2.7756880154e-03  1.8423773416e-03  1.6727651480e-04 -2.8061180852e-03 -1.3060516985e-03 -2.0340559331e-04  2.0238896420e-03

JOB 13
COORDS -9.2530322868e-01 -6.9004611355e-01 -3.7090706601e-01 -5.6628273049e-01  2.0406136601e-01 -4.3980669788e-01  5.6286721400e-01  2.5634911628e-01  4.1619757117e-01  9.3515227337e-01 -6.3469635344e-01  4.3884415691e-01
ENERGY -9.043318722180e+00
GRADIENT  2.4602917686e-03 -1.2266012033e-03 -3.1659052501e-03 -3.4359541971e-03  1.2832583259e-03  4.4120885061e-03  3.4199098439e-03  8.7600077544e-04 -4.5228196362e-03 -2.4442474154e-03 -9.3265789807e-04  3.2766363803e-03

JOB 14
COORDS -9.6317484317e-01 -6.7120718343e-01 -3.4804270485e-01 -5.3085485510e-01  1.8439887038e-01 -4.7837651597e-01  5.2770534630e-01  2.4021212636e-01  4.5660325857e-01  9.7275788017e-01 -6.1773579801e-01  4.1414392646e-01
ENERGY -9.045455215683e+00
GRADIENT  3.0431624499e-03 -2.0350434848e-03 -3.3185082348e-03 -4.2283574261e-03  2.0923503693e-03  4.6077220153e-03  4.2003827973e-03  1.6724926690e-03 -4.8007907046e-03 -3.0151878211e-03 -1.7297995536e-03  3.5115769241e-03

JOB 15
COORDS -8.6669141513e-01  1.4765150133e-01 -6.4801520827e-01 -6.8755205216e-01 -6.3088951085e-01 -1.0005835164e-01  6.9675637143e-01 -6.0708526964e-01  1.6354582076e-01  8.6392062386e-01  2.2599129426e-01  6.2885570366e-01
ENERGY -9.047704260288e+00
GRADIENT -7.8158737319e-04  2.5464349034e-03  3.8601348931e-03  1.0836536494e-03 -2.6209881369e-03 -5.3576921892e-03 -1.0487603207e-03 -2.0749770170e-03  5.5985106777e-03  7.4669404448e-04  2.1495302505e-03 -4.1009533816e-03

JOB 16
COORDS -8.8321470476e-01  1.1226904224e-01 -6.9349803034e-01 -6.9354165912e-01 -5.9591837736e-01 -5.9334388391e-02  7.0225795775e-01 -5.7637828677e-01  1.1945375225e-01  8.8093193423e-01  1.9569563709e-01  6.7770663088e-01
ENERGY -9.049681307875e+00
GRADIENT -3.9459372019e-04  2.4576469432e-03  2.8900820889e-03  4.0504103219e-04 -2.5147613402e-03 -4.0053276875e-03 -3.7076896710e-04 -2.0975937823e-03  4.2418584863e-03  3.6032165510e-04  2.1547081792e-03 -3.1266128877e-03

JOB 17
COORDS -9.0339868507e-01  7.0216565868e-02 -7.3670018373e-01 -6.9760420134e-01 -5.5449046834e-01 -2.4798115857e-02  7.0573229136e-01 -5.3864473564e-01  8.0857921737e-02  9.0170412305e-01  1.5858665321e-01  7.2496834235e-01
ENERGY -9.051207979383e+00
GRADIENT -1.6188633661e-04  2.0444585943e-03  1.9046307934e-03  4.9778778949e-05 -2.0824776214e-03 -2.6297587588e-03 -2.0907281230e-05 -1.8030659004e-03  2.8290172048e-03  1.3301483889e-04  1.8410849275e-03 -2.1038892394e-03

JOB 18
COORDS -9.2387321984e-01  2.2505641499e-02 -7.7547785222e-01 -7.0058543881e-01 -5.0747241254e-01  3.8672203570e-03  7.0803812450e-01 -4.9476646898e-01  4.7531240187e-02  9.2285406215e-01  1.1540125513e-01  7.6840735608e-01
ENERGY -9.052305337184e+00
GRADIENT -4.9112191652e-05  1.6126529746e-03  1.1639067641e-03 -2.0463875849e-05 -1.6351881138e-03 -1.5932612078e-03  4.3486076834e-05 -1.4631535355e-03  1.7521503666e-03  2.6089990667e-05  1.4856886747e-03 -1.3227959228e-03

JOB 19
COORDS -9.4235247283e-01 -2.9938747756e-02 -8.0830840884e-01 -7.0291186111e-01 -4.5568066189e-01  2.6985943027e-02  7.0961424700e-01 -4.4558241977e-01  1.9234276464e-02  9.4208361494e-01  6.6869844626e-02  8.0641615375e-01
ENERGY -9.053101803290e+00
GRADIENT -3.6581189885e-06  1.3101737474e-03  7.1099317618e-04 -4.1970426434e-05 -1.3234739368e-03 -9.6373578957e-04  6.0848762538e-05 -1.2171838069e-03  1.0940258040e-03 -1.5220217115e-05  1.2304839963e-03 -8.4128319057e-04

JOB 20
COORDS -9.5747150951e-01 -8.6217779352e-02 -8.3413811248e-01 -7.0461760522e-01 -3.9994590907e-01  4.4640020622e-02  7.1050716617e-01 -3.9192671026e-01 -4.0295629128e-03  9.5801547646e-01  1.3758413982e-02  8.3785561917e-01
ENERGY -9.053721658625e+00
GRADIENT  9.5035361127e-06  1.1152025829e-03  4.2431751382e-04 -5.1998861328e-05 -1.1230693155e-03 -5.7156160262e-04  6.8203934224e-05 -1.0578191087e-03  6.8340192528e-04 -2.5708609009e-05  1.0656858414e-03 -5.3615783648e-04

JOB 21
COORDS -9.6848912995e-01 -1.4539390524e-01 -8.5221129552e-01 -7.0573860022e-01 -3.4117102403e-01  5.6647822005e-02  7.1076605080e-01 -3.3467826340e-01 -2.1987272888e-02  9.6989520727e-01 -4.3088792129e-02  8.6187871080e-01
ENERGY -9.054213733121e+00
GRADIENT  7.7009657359e-06  8.8407437936e-04  2.0288991617e-04 -3.9685548032e-05 -8.8799519586e-04 -2.7471151603e-04  5.2633523303e-05 -8.5455108315e-04  3.6407277602e-04 -2.0648941007e-05  8.5847189964e-04 -2.9225117617e-04

JOB 22
COORDS -9.7503081244e-01 -2.0643083702e-01 -8.6199410380e-01 -7.0644633047e-01 -2.8037796536e-01  6.2725501272e-02  7.1057729716e-01 -2.7482198854e-01 -3.4252091357e-02  9.7733337355e-01 -1.0270119387e-01  8.7784865828e-01
ENERGY -9.054548876708e+00
GRADIENT  1.2222929132e-06  5.0497952761e-04  4.4116581283e-05 -1.2042897688e-05 -5.0605246698e-04 -6.3471071067e-05  1.9493627828e-05 -4.9667128142e-04  1.1489275116e-04 -8.6730230528e-06  4.9774422079e-04 -9.5538261373e-05

JOB 23
COORDS -9.7691602558e-01 -2.6818790439e-01 -8.6318169474e-01 -7.0695112630e-01 -2.1870296332e-01  6.2659116680e-02  7.1016789020e-01 -2.1346302908e-01 -4.0495134530e-02  9.8013278948e-01 -1.6397808801e-01  8.8534567689e-01
ENERGY -9.054669731989e+00
GRADIENT -5.9438259124e-07 -1.8647467399e-07 -3.5501266247e-06  8.7356190381e-06  2.5258616674e-07  3.6596797897e-06 -8.7356190471e-06 -2.5258512360e-07 -3.6596798428e-06  5.9438260025e-07  1.8647363085e-07  3.5501266779e-06

