JOB 0
COORDS -9.4307236957e-01 -3.3004344488e-01 -8.4937929693e-01 -7.2852841690e-01 -1.5519302698e-01  7.9342177251e-02  7.3081415945e-01 -1.5167977457e-01 -6.3603519004e-02  9.4722012722e-01 -2.2741555353e-01  8.7796853873e-01
ENERGY -1.511738334672e+02
GRADIENT -1.2215370000e-05  5.0991392500e-04 -8.5281519000e-05  2.3898748000e-05 -5.0954553500e-04  9.0787052000e-05 -1.6248542000e-05 -5.1646209100e-04 -3.8094343000e-05  4.5651640000e-06  5.1609370100e-04  3.2588809000e-05

JOB 1
COORDS -9.3411159357e-01 -3.9072961081e-01 -8.3182607037e-01 -7.2845685088e-01 -9.4144316337e-02  6.7550435665e-02  7.2982890261e-01 -8.9752949795e-02 -5.8118090599e-02  9.3917314187e-01 -2.8970502312e-01  8.6672172528e-01
ENERGY -1.511741642980e+02
GRADIENT  4.1297990000e-06  8.1462276200e-04 -1.6717463200e-04  2.6191754700e-04 -8.1134050900e-04  1.9264250700e-04 -2.4968106700e-04 -8.3061192300e-04 -1.0829962000e-04 -1.6366280000e-05  8.2732967000e-04  8.2831744000e-05

JOB 2
COORDS -9.2053138173e-01 -4.4870930403e-01 -8.0566001122e-01 -7.2859246276e-01 -3.5618674213e-02  5.0081780040e-02  7.2908377518e-01 -2.9751946256e-02 -4.6727846367e-02  9.2647366931e-01 -3.5025197546e-01  8.4663397754e-01
ENERGY -1.511745526783e+02
GRADIENT -2.6603562000e-05  6.6629220200e-04 -2.9988019800e-04  3.9685282000e-05 -6.6393580400e-04  3.4393850800e-04 -2.9576125000e-05 -6.9615243700e-04 -2.7418103200e-04  1.6494405000e-05  6.9379604000e-04  2.3012272200e-04

JOB 3
COORDS -9.0283616531e-01 -5.0291947011e-01 -7.7138009514e-01 -7.2794062698e-01  1.9298304948e-02  2.6929573350e-02  7.2760126965e-01  2.7229795240e-02 -2.9313877603e-02  9.0960912259e-01 -4.0794053012e-01  8.1809229940e-01
ENERGY -1.511747726301e+02
GRADIENT  3.6510557000e-05  7.5729297000e-05 -6.9797465000e-05  1.8579970400e-04 -7.1601023000e-05  1.1940176600e-04 -1.8433785400e-04 -8.6255186000e-05 -1.1092434600e-04 -3.7972406000e-05  8.2126912000e-05  6.1320046000e-05

JOB 4
COORDS -8.8300914727e-01 -5.5247175845e-01 -7.3047220637e-01 -7.2721247156e-01  6.9609045597e-02 -2.1722132055e-03  7.2610466333e-01  8.0236644657e-02 -5.5106453878e-03  8.9055055552e-01 -4.6170583180e-01  7.8248296491e-01
ENERGY -1.511745588063e+02
GRADIENT  1.6785942000e-05 -8.4780351500e-04  6.8934958600e-04 -3.3039657000e-05  8.4095777100e-04 -8.2056901300e-04  1.9943205000e-05  9.2085279900e-04  7.3024476800e-04 -3.6894920000e-06 -9.1400705600e-04 -5.9902534100e-04

JOB 5
COORDS -8.6225153609e-01 -5.9652748208e-01 -6.8404980921e-01 -7.2567915999e-01  1.1442207795e-01 -3.7054821092e-02  7.2388087048e-01  1.2835514207e-01  2.4606251011e-02  8.7048352566e-01 -5.1058173785e-01  7.4082637929e-01
ENERGY -1.511736735550e+02
GRADIENT -4.9491756000e-05 -1.8289264670e-03  1.9834929020e-03  1.6617712000e-05  1.8066548310e-03 -2.4130731330e-03 -4.5226594000e-05  2.0435370790e-03  2.2156515160e-03  7.8100639000e-05 -2.0212654430e-03 -1.7860712850e-03

JOB 6
COORDS -8.4304989556e-01 -6.3435280139e-01 -6.3391250934e-01 -7.2300584974e-01  1.5288761738e-01 -7.7877090192e-02  7.2060674299e-01  1.7075074176e-01  6.1281837507e-02  8.5188270221e-01 -5.5361755778e-01  6.9483586199e-01
ENERGY -1.511719992953e+02
GRADIENT -2.9574929900e-04 -2.4940043570e-03  3.5729729020e-03  2.9833437400e-04  2.4500184880e-03 -4.4309571590e-03 -3.3798533500e-04  2.8858111770e-03  4.1572560290e-03  3.3540026200e-04 -2.8418253080e-03 -3.2992717720e-03

JOB 7
COORDS -8.2831222302e-01 -6.6531642564e-01 -5.8216062331e-01 -7.1819598452e-01  1.8425866433e-01 -1.2451659153e-01  7.1529698354e-01  2.0665312529e-01  1.0447137715e-01  8.3764492380e-01 -5.8992746399e-01  6.4653393770e-01
ENERGY -1.511696205942e+02
GRADIENT -7.4078492500e-04 -2.5667514780e-03  4.9366295530e-03  8.9905835500e-04  2.5021385320e-03 -6.2197201920e-03 -9.4078649600e-04  3.1115835050e-03  5.9318467910e-03  7.8251306600e-04 -3.0469705590e-03 -4.6487561520e-03

JOB 8
COORDS -8.2087973067e-01 -6.8895959819e-01 -5.3102518605e-01 -7.0998557025e-01  2.0799100046e-01 -1.7618061153e-01  7.0669651139e-01  2.3542135837e-01  1.5344307484e-01  8.3060248957e-01 -6.1878486064e-01  5.9809082273e-01
ENERGY -1.511668609160e+02
GRADIENT -1.2314072560e-03 -2.0024221630e-03  5.4510799130e-03  1.6045048120e-03  1.9281781220e-03 -6.9528975160e-03 -1.6381972900e-03  2.6053259950e-03  6.7203876380e-03  1.2650997340e-03 -2.5310819540e-03 -5.2185700350e-03

JOB 9
COORDS -8.2232276810e-01 -7.0510584383e-01 -4.8226570166e-01 -6.9718902497e-01  2.2390496147e-01 -2.3111449326e-01  6.9362372804e-01  2.5667962736e-01  2.0647073478e-01  8.3232176506e-01 -6.3981084505e-01  5.5123756020e-01
ENERGY -1.511642444400e+02
GRADIENT -1.4482743660e-03 -1.0667629420e-03  4.6731019270e-03  1.9090698760e-03  1.0007827310e-03 -6.0266771460e-03 -1.9282847140e-03  1.5835513570e-03  5.8941500360e-03  1.4674892030e-03 -1.5175711470e-03 -4.5405748170e-03

JOB 10
COORDS -8.3234928996e-01 -7.1385115836e-01 -4.3671727969e-01 -6.7889709549e-01  2.3218536513e-01 -2.8692698817e-01  6.7516873793e-01  2.7035362197e-01  2.6115735051e-01  8.4251134748e-01 -6.5301982874e-01  5.0681501733e-01
ENERGY -1.511623618418e+02
GRADIENT -1.0702287010e-03 -2.4484765600e-04  2.6537188860e-03  1.4260027440e-03  2.0679312500e-04 -3.4472531480e-03 -1.4314977530e-03  5.3702585800e-04  3.4091437650e-03  1.0757237080e-03 -4.9897132700e-04 -2.6156095030e-03

JOB 11
COORDS -8.4956654056e-01 -7.1544413698e-01 -3.9449440127e-01 -6.5488497803e-01  2.3320092456e-01 -3.4139473803e-01  6.5110268616e-01  2.7657934150e-01  3.1525374344e-01  8.5978243246e-01 -6.5866812903e-01  4.6496349586e-01
ENERGY -1.511616761705e+02
GRADIENT -9.9628200000e-07  1.2038050000e-06 -5.5764800000e-07  1.2605922000e-05 -8.1354500000e-07  6.3940930000e-06 -1.2608719000e-05 -1.5937940000e-06 -6.2810720000e-06  9.9907800000e-07  1.2035340000e-06  4.4462700000e-07

JOB 12
COORDS -8.7312363969e-01 -7.1001657184e-01 -3.5579820741e-01 -6.2553271238e-01  2.2716262152e-01 -3.9283986140e-01  6.2180405873e-01  2.7540064550e-01  3.6706897533e-01  8.8328589325e-01 -6.5687869521e-01  4.2589719350e-01
ENERGY -1.511623618445e+02
GRADIENT  1.4869015230e-03 -4.8874765500e-04 -2.4075911460e-03 -1.9493988300e-03  5.2298878800e-04  3.1422091340e-03  1.9438167750e-03  2.2764717100e-04 -3.1807073230e-03 -1.4813194690e-03 -2.6188830400e-04  2.4460893340e-03

JOB 13
COORDS -9.0337349144e-01 -6.9747825004e-01 -3.2145084565e-01 -5.9194862662e-01  2.1399548448e-01 -4.3993048967e-01  5.8838311287e-01  2.6662321695e-01  4.1528498513e-01  9.1337270521e-01 -6.4747255138e-01  3.9042445026e-01
ENERGY -1.511642444397e+02
GRADIENT  2.8524623340e-03 -1.4758325800e-03 -3.8410117280e-03 -3.7167717470e-03  1.5276297680e-03  4.9763912090e-03  3.6975065090e-03  1.0655231280e-03 -5.1093677160e-03 -2.8331970960e-03 -1.1173203160e-03  3.9739882340e-03

JOB 14
COORDS -9.4104734033e-01 -6.7764345777e-01 -2.9266462925e-01 -5.5606723946e-01  1.9349221491e-01 -4.8149146524e-01  5.5277802184e-01  2.4994917250e-01  4.5875251191e-01  9.5077025795e-01 -6.3013012964e-01  3.5973178275e-01
ENERGY -1.511668609150e+02
GRADIENT  3.5692178430e-03 -2.4584177370e-03 -4.0560800240e-03 -4.5970210290e-03  2.5098850680e-03  5.2086759400e-03  4.5633067620e-03  2.0317266170e-03 -5.4415865580e-03 -3.5355035760e-03 -2.0831939490e-03  4.2889906400e-03

JOB 15
COORDS -9.8568765873e-01 -6.5048030327e-01 -2.7021456513e-01 -5.2033064547e-01  1.6560566597e-01 -5.1675672496e-01  5.1743185979e-01  2.2528963250e-01  4.9671239326e-01  9.9502024441e-01 -6.0474719516e-01  3.3458709695e-01
ENERGY -1.511696206009e+02
GRADIENT  3.4213902250e-03 -2.9569570580e-03 -3.3251625020e-03 -4.3420288510e-03  2.9969744580e-03  4.2389611260e-03  4.3004342660e-03  2.6115518820e-03 -4.5266068100e-03 -3.3797956420e-03 -2.6515692820e-03  3.6128081860e-03

JOB 16
COORDS -8.4770385172e-01  1.1866100472e-01 -6.7523460014e-01 -7.1814505755e-01 -6.0179431423e-01 -3.6883467315e-02  7.2544300571e-01 -5.8591491306e-01  1.0276961165e-01  8.4683930360e-01  2.0471652251e-01  6.5367645585e-01
ENERGY -1.511719992952e+02
GRADIENT -3.3104459200e-04  2.8640259110e-03  3.2804607830e-03  3.3382574000e-04 -2.9136437400e-03 -4.1381438970e-03 -3.0501553000e-04 -2.4203110090e-03  4.4468004840e-03  3.0223438400e-04  2.4699288390e-03 -3.5891173700e-03

JOB 17
COORDS -8.6637211883e-01  7.5361586243e-02 -7.2094956803e-01 -7.2134920887e-01 -5.5915239901e-01 -4.8840262461e-04  7.2821053872e-01 -5.4772364794e-01  6.1696851833e-02  8.6594418888e-01  1.6718266075e-01  7.0406911882e-01
ENERGY -1.511736735547e+02
GRADIENT -7.4777613000e-05  2.0331701510e-03  1.7726535120e-03  4.1997309000e-05 -2.0582058550e-03 -2.2020906840e-03 -2.1196523000e-05 -1.7906432350e-03  2.4249479530e-03  5.3976829000e-05  1.8156789400e-03 -1.9955107810e-03

JOB 18
COORDS -8.8652148898e-01  2.6253246066e-02 -7.6229324013e-01 -7.2348663786e-01 -5.1083252278e-01  2.9309980489e-02  7.2984613404e-01 -5.0314326298e-01  2.6522394488e-02  8.8659539275e-01  1.2339083975e-01  7.5078876520e-01
ENERGY -1.511745588067e+02
GRADIENT  5.0684470000e-06  9.1763162000e-04  5.9334081200e-04 -1.9593383000e-05 -9.2531623800e-04 -7.2481800300e-04  2.9102088000e-05 -8.3530206900e-04  8.2666761600e-04 -1.4577152000e-05  8.4298668600e-04 -6.9519042500e-04

JOB 19
COORDS -9.0583982133e-01 -2.7711520913e-02 -7.9764266931e-01 -7.2507469711e-01 -4.5767297419e-01  5.2696276511e-02  7.3087631386e-01 -4.5302207382e-01 -2.8406191308e-03  9.0647160449e-01  7.4074868984e-02  7.9211491198e-01
ENERGY -1.511747727120e+02
GRADIENT  5.0741100000e-07 -8.3750605000e-05 -5.7117484000e-05  4.7392100000e-07  8.4632308000e-05  7.2286269000e-05 -1.3328720000e-06  7.5756530000e-05 -8.1513636000e-05  3.5153900000e-07 -7.6638233000e-05  6.6344851000e-05

JOB 20
COORDS -9.2272297004e-01 -8.5522988069e-02 -8.2583022002e-01 -7.2655080634e-01 -4.0059883602e-01  6.9856410715e-02  7.3174848897e-01 -3.9829567344e-01 -2.6470468195e-02  9.2395868739e-01  2.0085797534e-02  8.2677217747e-01
ENERGY -1.511745525264e+02
GRADIENT -4.4355538000e-05 -6.5791764600e-04 -3.2046565600e-04 -2.2411575800e-04  6.5968580100e-04  3.7605196600e-04  2.1722355400e-04  6.1423991200e-04 -4.4985069800e-04  5.1247743000e-05 -6.1600806800e-04  3.9426438800e-04

JOB 21
COORDS -9.3553605577e-01 -1.4618555383e-01 -8.4552969702e-01 -7.2717048869e-01 -3.4051240671e-01  8.0852817978e-02  7.3172814548e-01 -3.3987562865e-01 -4.4324737391e-02  9.3741189903e-01 -3.7758110729e-02  8.5332951632e-01
ENERGY -1.511741644455e+02
GRADIENT -1.1576118000e-05 -8.0462337800e-04 -1.7439738700e-04  5.5282980000e-06  8.0709400000e-04  2.1760670000e-04 -1.4089146000e-05  7.7646058700e-04 -3.0934760000e-04  2.0136966000e-05 -7.7893120900e-04  2.6613828700e-04

JOB 22
COORDS -9.4375644222e-01 -2.0854791763e-01 -8.5635569608e-01 -7.2797371923e-01 -2.7853758215e-01  8.5839291884e-02  7.3186211761e-01 -2.7888265080e-01 -5.6426064726e-02  9.4630154389e-01 -9.8363549465e-02  8.7127036892e-01
ENERGY -1.511738333836e+02
GRADIENT -3.9386005000e-05 -5.1427215000e-04 -4.5899410000e-05 -1.8436359300e-04  5.1234866400e-04  3.5238916000e-05  1.7778748600e-04  5.0703551100e-04 -9.4018224000e-05  4.5962111000e-05 -5.0511202500e-04  1.0467871900e-04

JOB 23
COORDS -9.4560956738e-01 -2.7144900148e-01 -8.5732057247e-01 -7.2818114300e-01 -2.1574704837e-01  8.5411772046e-02  7.3119161649e-01 -2.1641571229e-01 -6.3174172532e-02  9.4903259398e-01 -1.6072003776e-01  8.7941087300e-01
ENERGY -1.511737061350e+02
GRADIENT  1.2833463600e-04 -2.0518180000e-06 -4.7528521000e-05  8.1907206000e-05  1.0628939000e-05  1.7609611500e-04 -1.1453935700e-04 -7.3522060000e-06 -1.1637240300e-04 -9.5702487000e-05 -1.2249150000e-06 -1.2195191000e-05

