JOB 0
COORDS -9.4307235990e-01 -3.3004342390e-01 -8.4937928170e-01 -7.2852831730e-01 -1.5519304880e-01  7.9342214700e-02  7.3081420820e-01 -1.5167979980e-01 -6.3603497700e-02  9.4722016900e-01 -2.2741562750e-01  8.7796856470e-01
ENERGY -1.511738334672e+02

JOB 1
COORDS -9.3411151850e-01 -3.9072959740e-01 -8.3182604180e-01 -7.2845687750e-01 -9.4144312700e-02  6.7550437700e-02  7.2982893070e-01 -8.9752939600e-02 -5.8118188000e-02  9.3917316510e-01 -2.8970505030e-01  8.6672179200e-01
ENERGY -1.511741642981e+02

JOB 2
COORDS -9.2053140930e-01 -4.4870929570e-01 -8.0566002090e-01 -7.2859242900e-01 -3.5618682500e-02  5.0081766300e-02  7.2908378810e-01 -2.9751939500e-02 -4.6727827600e-02  9.2647365010e-01 -3.5025198230e-01  8.4663398210e-01
ENERGY -1.511745526783e+02

JOB 3
COORDS -9.0283615280e-01 -5.0291946760e-01 -7.7138008920e-01 -7.2794062240e-01  1.9298304000e-02  2.6929574700e-02  7.2760126560e-01  2.7229793400e-02 -2.9313878700e-02  9.0960910940e-01 -4.0794052970e-01  8.1809229310e-01
ENERGY -1.511747726301e+02

JOB 4
COORDS -8.8300911420e-01 -5.5247175250e-01 -7.3047221010e-01 -7.2721258180e-01  6.9609069400e-02 -2.1722481000e-03  7.2610465650e-01  8.0236618900e-02 -5.5106347000e-03  8.9055063960e-01 -4.6170583580e-01  7.8248299290e-01
ENERGY -1.511745588062e+02

JOB 5
COORDS -8.6225154160e-01 -5.9652745840e-01 -6.8404983380e-01 -7.2567920420e-01  1.1442216420e-01 -3.7054835300e-02  7.2388079800e-01  1.2835511070e-01  2.4606278700e-02  8.7048354780e-01 -5.1058171650e-01  7.4082639020e-01
ENERGY -1.511736735546e+02

JOB 6
COORDS -8.4304993850e-01 -6.3435278340e-01 -6.3391251730e-01 -7.2300588730e-01  1.5288767000e-01 -7.7877100800e-02  7.2060672930e-01  1.7075076550e-01  6.1281833200e-02  8.5188269620e-01 -5.5361755210e-01  6.9483588500e-01
ENERGY -1.511719992943e+02

JOB 7
COORDS -8.2831224000e-01 -6.6531636100e-01 -5.8216063550e-01 -7.1819599540e-01  1.8425868670e-01 -1.2451659100e-01  7.1529693970e-01  2.0665316620e-01  1.0447140710e-01  8.3764489590e-01 -5.8992739200e-01  6.4653391950e-01
ENERGY -1.511696205940e+02

JOB 8
COORDS -8.2087967180e-01 -6.8895959450e-01 -5.3102518940e-01 -7.0998558600e-01  2.0799101530e-01 -1.7618062130e-01  7.0669638960e-01  2.3542144910e-01  1.5344307120e-01  8.3060246830e-01 -6.1878476990e-01  5.9809083960e-01
ENERGY -1.511668609162e+02

JOB 9
COORDS -8.2232278870e-01 -7.0510585130e-01 -4.8226570970e-01 -6.9718904530e-01  2.2390493560e-01 -2.3111450180e-01  6.9362370710e-01  2.5667968370e-01  2.0647075590e-01  8.3232172700e-01 -6.3981076800e-01  5.5123755550e-01
ENERGY -1.511642444389e+02

JOB 10
COORDS -8.3234922090e-01 -7.1385124870e-01 -4.3671727920e-01 -6.7889714390e-01  2.3218535830e-01 -2.8692698580e-01  6.7516861810e-01  2.7035361850e-01  2.6115739000e-01  8.4251134680e-01 -6.5301982810e-01  5.0681507490e-01
ENERGY -1.511623618422e+02

JOB 11
COORDS -8.4956656400e-01 -7.1544417760e-01 -3.9449444780e-01 -6.5488490000e-01  2.3320086330e-01 -3.4139472460e-01  6.5110266810e-01  2.7657941850e-01  3.1525380200e-01  8.5978239580e-01 -6.5866810420e-01  4.6496357030e-01
ENERGY -1.511616761705e+02

JOB 12
COORDS -8.7312360170e-01 -7.1001657710e-01 -3.5579818430e-01 -6.2553270660e-01  2.2716258150e-01 -3.9283989050e-01  6.2180408310e-01  2.7540063920e-01  3.6706906700e-01  8.8328582530e-01 -6.5687864350e-01  4.2589730790e-01
ENERGY -1.511623618444e+02

JOB 13
COORDS -9.0337348230e-01 -6.9747821200e-01 -3.2145084270e-01 -5.9194866250e-01  2.1399552240e-01 -4.3993051710e-01  5.8838306170e-01  2.6662314040e-01  4.1528504930e-01  9.1337268320e-01 -6.4747245090e-01  3.9042461050e-01
ENERGY -1.511642444390e+02

JOB 14
COORDS -9.4104733440e-01 -6.7764338440e-01 -2.9266462030e-01 -5.5606728560e-01  1.9349217650e-01 -4.8149143530e-01  5.5277798050e-01  2.4994921980e-01  4.5875254020e-01  9.5077023940e-01 -6.3013011190e-01  3.5973181530e-01
ENERGY -1.511668609129e+02

JOB 15
COORDS -9.8568772420e-01 -6.5048023390e-01 -2.7021458040e-01 -5.2033069890e-01  1.6560566250e-01 -5.1675665360e-01  5.1743186650e-01  2.2528966100e-01  4.9671245050e-01  9.9502015640e-01 -6.0474718970e-01  3.3458708360e-01
ENERGY -1.511696206010e+02

JOB 16
COORDS -7.8863181270e-01  1.1348271360e-01 -7.4496921670e-01 -7.2488319520e-01 -5.8288784790e-01 -7.0949462300e-02  7.0552176250e-01 -6.0207237670e-01  1.6712479830e-01  8.1442694560e-01  2.0714581100e-01  6.9312198080e-01
ENERGY -1.511719993159e+02

JOB 17
COORDS -8.6637202900e-01  7.5361409700e-02 -7.2094949730e-01 -7.2134913770e-01 -5.5915240300e-01 -4.8833780000e-04  7.2821053130e-01 -5.4772353400e-01  6.1696902400e-02  8.6594433530e-01  1.6718282730e-01  7.0406903260e-01
ENERGY -1.511736735551e+02

JOB 18
COORDS -8.8652161140e-01  2.6253053500e-02 -7.6229318270e-01 -7.2348651360e-01 -5.1083249730e-01  2.9310118800e-02  7.2984630490e-01 -5.0314328430e-01  2.6522465300e-02  8.8659551980e-01  1.2339102810e-01  7.5078869860e-01
ENERGY -1.511745588064e+02

JOB 19
COORDS -9.0583976460e-01 -2.7711723000e-02 -7.9764258260e-01 -7.2507459860e-01 -4.5767296830e-01  5.2696450200e-02  7.3087644210e-01 -4.5302208380e-01 -2.8405897000e-03  9.0647172100e-01  7.4075075100e-02  7.9211482210e-01
ENERGY -1.511747727120e+02

JOB 20
COORDS -9.2272295730e-01 -8.5523186800e-02 -8.2583012300e-01 -7.2655066250e-01 -4.0059879760e-01  6.9856540300e-02  7.3174863780e-01 -3.9829569240e-01 -2.6470406500e-02  9.2395888210e-01  2.0085976900e-02  8.2677208920e-01
ENERGY -1.511745525265e+02

JOB 21
COORDS -9.3553600370e-01 -1.4618575140e-01 -8.4552964260e-01 -7.2717044490e-01 -3.4051243470e-01  8.0853035700e-02  7.3172818580e-01 -3.3987559810e-01 -4.4324688400e-02  9.3741206280e-01 -3.7757915800e-02  8.5332939530e-01
ENERGY -1.511741644455e+02

JOB 22
COORDS -9.4375643140e-01 -2.0854808680e-01 -8.5635554260e-01 -7.2797362970e-01 -2.7853762260e-01  8.5839421100e-02  7.3186217740e-01 -2.7888266650e-01 -5.6426138800e-02  9.4630158360e-01 -9.8363324000e-02  8.7127026030e-01
ENERGY -1.511738333836e+02

JOB 23
COORDS -9.4560955980e-01 -2.7144924420e-01 -8.5732037440e-01 -7.2818098130e-01 -2.1574703060e-01  8.5411868100e-02  7.3119165500e-01 -2.1641573250e-01 -6.3174268900e-02  9.4903258600e-01 -1.6071979280e-01  8.7941077520e-01
ENERGY -1.511737061350e+02

