JOB 0
COORDS -9.4334933786e-01 -3.3009790769e-01 -8.4972494398e-01 -7.2860369576e-01 -1.5515149094e-01  7.9480492331e-02  7.3088866158e-01 -1.5165196691e-01 -6.3745235384e-02  9.4749786489e-01 -2.2743053447e-01  8.7831768703e-01
ENERGY -1.511696672905e+02
GRADIENT -1.2125000000e-05  5.0205400000e-04 -8.3583000000e-05  2.4228000000e-05 -5.0170100000e-04  8.8709000000e-05 -1.6722000000e-05 -5.0844700000e-04 -3.6906000000e-05  4.6200000000e-06  5.0809500000e-04  3.1780000000e-05

JOB 1
COORDS -9.3439507215e-01 -3.9081831275e-01 -8.3216896284e-01 -7.2853569071e-01 -9.4069110281e-02  6.7677425779e-02  7.2990637829e-01 -8.9690316831e-02 -5.8252134051e-02  9.3945793924e-01 -2.8975423452e-01  8.6707174205e-01
ENERGY -1.511699933631e+02
GRADIENT  4.3510000000e-06  8.0347000000e-04 -1.6347200000e-04  2.6425700000e-04 -8.0021700000e-04  1.8798800000e-04 -2.5222600000e-04 -8.1907700000e-04 -1.0494700000e-04 -1.6383000000e-05  8.1582400000e-04  8.0431000000e-05

JOB 2
COORDS -9.2082403478e-01 -4.4883132575e-01 -8.0599918023e-01 -7.2867961785e-01 -3.5510974914e-02  5.0192665944e-02  7.2916908116e-01 -2.9655070242e-02 -4.6849127396e-02  9.2676812070e-01 -3.5033447986e-01  8.4698368479e-01
ENERGY -1.511703766858e+02
GRADIENT -2.6366000000e-05  6.5761400000e-04 -2.9605200000e-04  3.9211000000e-05 -6.5529100000e-04  3.3948000000e-04 -2.9237000000e-05 -6.8708800000e-04 -2.7063900000e-04  1.6392000000e-05  6.8476600000e-04  2.2721200000e-04

JOB 3
COORDS -9.0315765863e-01 -5.0308801657e-01 -7.7174117973e-01 -7.2801076629e-01  1.9450712750e-02  2.7032363993e-02  7.2766919056e-01  2.7371885266e-02 -2.9431745370e-02  9.0993278707e-01 -4.0806648144e-01  8.1846846111e-01
ENERGY -1.511705937203e+02
GRADIENT  2.6753000000e-05  4.2491000000e-05 -1.1630000000e-04  2.1493800000e-04 -3.8226000000e-05  1.6567000000e-04 -2.1394700000e-04 -5.8239000000e-05 -1.6033100000e-04 -2.7745000000e-05  5.3973000000e-05  1.1096100000e-04

JOB 4
COORDS -8.8330348782e-01 -5.5265274745e-01 -7.3078783079e-01 -7.2729635691e-01  6.9774833874e-02 -2.0997004893e-03  7.2618589737e-01  8.0395295930e-02 -5.5996959113e-03  8.9084754539e-01 -4.6184928160e-01  7.8281522719e-01
ENERGY -1.511703801779e+02
GRADIENT  1.6811000000e-05 -8.4467400000e-04  6.8667300000e-04 -3.3058000000e-05  8.3784600000e-04 -8.1745700000e-04  2.0016000000e-05  9.1746600000e-04  7.2744000000e-04 -3.7680000000e-06 -9.1063900000e-04 -5.9665700000e-04

JOB 5
COORDS -8.6253162138e-01 -5.9673315994e-01 -6.8434313978e-01 -7.2575622279e-01  1.1461299180e-01 -3.6998304451e-02  7.2395502671e-01  1.2854050535e-01  2.4530599942e-02  8.7076627189e-01 -5.1075227399e-01  7.4113893949e-01
ENERGY -1.511694974344e+02
GRADIENT -4.9106000000e-05 -1.8237310000e-03  1.9776650000e-03  1.6566000000e-05  1.8015030000e-03 -2.4062650000e-03 -4.5087000000e-05  2.0377890000e-03  2.2093450000e-03  7.7627000000e-05 -2.0155610000e-03 -1.7807460000e-03

JOB 6
COORDS -8.4330971155e-01 -6.3457934088e-01 -6.3417965602e-01 -7.2307741702e-01  1.5310004991e-01 -7.7837273415e-02  7.2067500589e-01  1.7095905250e-01  6.1220594384e-02  8.5214563735e-01 -5.5381180725e-01  6.9512448051e-01
ENERGY -1.511678260473e+02
GRADIENT -2.9478400000e-04 -2.4895640000e-03  3.5665830000e-03  2.9697200000e-04  2.4456260000e-03 -4.4236960000e-03 -3.3654900000e-04  2.8806250000e-03  4.1505540000e-03  3.3436100000e-04 -2.8366860000e-03 -3.2934410000e-03

JOB 7
COORDS -8.2854243968e-01 -6.6555980752e-01 -5.8239627435e-01 -7.1826587799e-01  1.8448889289e-01 -1.2449371306e-01  7.1536332485e-01  2.0688100313e-01  1.0442515927e-01  8.3787849282e-01 -5.9014213003e-01  6.4679292813e-01
ENERGY -1.511654495612e+02
GRADIENT -7.3948500000e-04 -2.5635030000e-03  4.9302290000e-03  8.9745900000e-04  2.4989080000e-03 -6.2127150000e-03 -9.3911900000e-04  3.1077170000e-03  5.9251960000e-03  7.8114500000e-04 -3.0431230000e-03 -4.6427100000e-03

JOB 8
COORDS -8.2106910242e-01 -6.8921630465e-01 -5.3122255612e-01 -7.1005803453e-01  2.0823582789e-01 -1.7617615844e-01  7.0676504722e-01  2.3566567152e-01  1.5341371369e-01  8.3079552067e-01 -6.1901717915e-01  5.9831305794e-01
ENERGY -1.511626918261e+02
GRADIENT -1.2298060000e-03 -1.9997870000e-03  5.4441470000e-03  1.6041410000e-03  1.9256110000e-03 -6.9448100000e-03 -1.6377840000e-03  2.6019030000e-03  6.7126290000e-03  1.2634480000e-03 -2.5277280000e-03 -5.2119670000e-03

JOB 9
COORDS -8.2246767306e-01 -7.0537324265e-01 -4.8242019782e-01 -6.9726807793e-01  2.2416171647e-01 -2.3113388127e-01  6.9369870804e-01  2.5693834317e-01  2.0646373800e-01  8.3247051187e-01 -6.4005881769e-01  5.5141835682e-01
ENERGY -1.511600775635e+02
GRADIENT -1.4459540000e-03 -1.0648900000e-03  4.6656710000e-03  1.9072830000e-03  9.9900100000e-04 -6.0173360000e-03 -1.9264530000e-03  1.5808930000e-03  5.8850330000e-03  1.4651240000e-03 -1.5150050000e-03 -4.5333690000e-03

JOB 10
COORDS -8.3245757446e-01 -7.1412596914e-01 -4.3682889806e-01 -6.7897721162e-01  2.3245048550e-01 -2.8697581823e-01  6.7524454689e-01  2.7062364629e-01  2.6117871526e-01  8.4262366562e-01 -6.5328012032e-01  5.0695400091e-01
ENERGY -1.511581974281e+02
GRADIENT -1.0679370000e-03 -2.4423500000e-04  2.6477690000e-03  1.4240610000e-03  2.0629200000e-04 -3.4392520000e-03 -1.4295760000e-03  5.3588100000e-04  3.4011920000e-03  1.0734510000e-03 -4.9793800000e-04 -2.6097090000e-03

JOB 11
COORDS -8.4966413161e-01 -7.1572153893e-01 -3.9457303703e-01 -6.5495488709e-01  2.3346885228e-01 -3.4147518714e-01  6.5116832545e-01  2.7685515587e-01  3.1530630005e-01  8.5988409311e-01 -6.5893442651e-01  4.6506992412e-01
ENERGY -1.511575130273e+02
GRADIENT -1.0470000000e-06  1.1090000000e-06 -5.8100000000e-07  1.3112000000e-05 -7.0800000000e-07  6.6480000000e-06 -1.3095000000e-05 -1.5790000000e-06 -6.5300000000e-06  1.0300000000e-06  1.1780000000e-06  4.6300000000e-07

JOB 12
COORDS -8.7325615237e-01 -7.1028977362e-01 -3.5586745030e-01 -6.2558080649e-01  2.2742546447e-01 -3.9294569283e-01  6.2184788834e-01  2.7567369436e-01  3.6714728390e-01  8.8342249733e-01 -6.5714122750e-01  4.2599385923e-01
ENERGY -1.511581974301e+02
GRADIENT  1.4837540000e-03 -4.8773400000e-04 -2.4020820000e-03 -1.9457680000e-03  5.2188000000e-04  3.1348770000e-03  1.9402020000e-03  2.2725800000e-04 -3.1732950000e-03 -1.4781870000e-03 -2.6140500000e-04  2.4405000000e-03

JOB 13
COORDS -9.0356409227e-01 -6.9774245797e-01 -3.2152672370e-01 -5.9196945234e-01  2.1424816920e-01 -4.4005039878e-01  5.8839973304e-01  2.6688711267e-01  4.1537835594e-01  9.1356716924e-01 -6.4772453954e-01  3.9052676654e-01
ENERGY -1.511600775611e+02
GRADIENT  2.8483920000e-03 -1.4733990000e-03 -3.8344970000e-03 -3.7126220000e-03  1.5250920000e-03  4.9677320000e-03  3.6933860000e-03  1.0638020000e-03 -5.1004960000e-03 -2.8291550000e-03 -1.1154950000e-03  3.9672610000e-03

JOB 14
COORDS -9.4130011900e-01 -6.7789573441e-01 -2.9275437325e-01 -5.5606219489e-01  1.9373171303e-01 -4.8161721904e-01  5.5276880008e-01  2.5020019915e-01  4.5885306169e-01  9.5102672956e-01 -6.3036779346e-01  3.5984665798e-01
ENERGY -1.511626918204e+02
GRADIENT  3.5652850000e-03 -2.4551350000e-03 -4.0503910000e-03 -4.5934090000e-03  2.5065170000e-03  5.2013140000e-03  4.5597060000e-03  2.0291330000e-03 -5.4339120000e-03 -3.5315820000e-03 -2.0805150000e-03  4.2829890000e-03

JOB 15
COORDS -9.8599808503e-01 -6.5071781507e-01 -2.7032008972e-01 -5.2030575429e-01  1.6582915448e-01 -5.1688638477e-01  5.1740305963e-01  2.2552481097e-01  4.9681859398e-01  9.9533397969e-01 -6.0496779394e-01  3.3471610639e-01
ENERGY -1.511654495640e+02
GRADIENT  3.4176290000e-03 -2.9530020000e-03 -3.3202460000e-03 -4.3390310000e-03  2.9929240000e-03  4.2322370000e-03  4.2974120000e-03  2.6082900000e-03 -4.5194790000e-03 -3.3760090000e-03 -2.6482130000e-03  3.6074880000e-03

JOB 16
COORDS -8.4893354199e-01  1.2164616003e-01 -6.7295433822e-01 -7.1745899509e-01 -6.0312440566e-01 -3.9050867811e-02  7.2629450336e-01 -5.8526677156e-01  9.9996264356e-02  8.4653180241e-01  2.0241291720e-01  6.5633718739e-01
ENERGY -1.511678260424e+02
GRADIENT -3.3433400000e-04  2.8367420000e-03  3.2934010000e-03  3.3649500000e-04 -2.8806810000e-03 -4.1505090000e-03 -2.9692100000e-04 -2.4456810000e-03  4.4236590000e-03  2.9476000000e-04  2.4896190000e-03 -3.5665520000e-03

JOB 17
COORDS -8.6755457638e-01  7.8586640181e-02 -7.1896862151e-01 -7.2073873240e-01 -5.6070571471e-01 -2.3608523280e-03  7.2897318727e-01 -5.4677975728e-01  5.9157216068e-02  8.6575392151e-01  1.6456683588e-01  7.0650048835e-01
ENERGY -1.511694974348e+02
GRADIENT -7.7615000000e-05  2.0155070000e-03  1.7808080000e-03  4.4965000000e-05 -2.0377170000e-03 -2.2094080000e-03 -1.6426000000e-05 -1.8015540000e-03  2.4062380000e-03  4.9075000000e-05  1.8237640000e-03 -1.9776380000e-03

JOB 18
COORDS -8.8763718329e-01  2.9683245368e-02 -7.6064482702e-01 -7.2296714647e-01 -5.1256024352e-01  2.7768421690e-02  7.3051069759e-01 -5.0194107466e-01  2.4259420767e-02  8.8652735115e-01  1.2048608346e-01  7.5294523252e-01
ENERGY -1.511703801762e+02
GRADIENT  3.5590000000e-06  9.1031900000e-04  5.9704100000e-04 -1.7957000000e-05 -9.1714900000e-04 -7.2814000000e-04  3.0994000000e-05 -8.3748800000e-04  8.1812400000e-04 -1.6596000000e-05  8.4431900000e-04 -6.8702400000e-04

JOB 19
COORDS -9.0686587585e-01 -2.4116549640e-02 -7.9635218066e-01 -7.2465633418e-01 -4.5952917752e-01  5.1519170932e-02  7.3143162609e-01 -4.5159821702e-01 -4.7925097284e-03  9.0652436951e-01  7.0911881038e-02  7.9395381946e-01
ENERGY -1.511705938226e+02
GRADIENT  7.1000000000e-07 -8.0789000000e-05 -5.6471000000e-05  2.3000000000e-07  8.1563000000e-05  7.1437000000e-05 -1.3840000000e-06  7.3816000000e-05 -7.9405000000e-05  4.4500000000e-07 -7.4590000000e-05  6.4439000000e-05

JOB 20
COORDS -9.2364083837e-01 -8.1808394133e-02 -8.2491522177e-01 -7.2622285300e-01 -4.0253860522e-01  6.9065022281e-02  7.3216667815e-01 -3.9668438473e-01 -2.8077095848e-02  9.2413066788e-01  1.6699325079e-02  8.2825563399e-01
ENERGY -1.511703765506e+02
GRADIENT -4.3406000000e-05 -6.4832400000e-04 -3.1861400000e-04 -2.1021400000e-04  6.4915100000e-04  3.7149000000e-04  2.0085200000e-04  6.1079000000e-04 -4.3610300000e-04  5.2767000000e-05 -6.1161700000e-04  3.8322700000e-04

JOB 21
COORDS -9.3640869813e-01 -1.4239301950e-01 -8.4507859406e-01 -7.2713459282e-01 -3.4250413993e-01  8.0482654685e-02  7.3219733224e-01 -3.3812576822e-01 -4.5576621035e-02  9.3777970104e-01 -4.1309072345e-02  8.5450070275e-01
ENERGY -1.511699934483e+02
GRADIENT -3.1736000000e-05 -7.8095000000e-04 -2.2145600000e-04 -1.4402000000e-04  7.8182400000e-04  2.6394500000e-04  1.3261800000e-04  7.5277200000e-04 -3.4264300000e-04  4.3138000000e-05 -7.5364500000e-04  3.0015300000e-04

JOB 22
COORDS -9.4439727703e-01 -2.0473780994e-01 -8.5622700792e-01 -7.2786174002e-01 -2.8051878774e-01  8.5884985316e-02  7.3200975503e-01 -2.7701416635e-01 -5.7291673453e-02  9.4668290435e-01 -1.0206123597e-01  8.7196179606e-01
ENERGY -1.511696672284e+02
GRADIENT -3.2488000000e-05 -5.0614300000e-04 -4.7716000000e-05 -1.6068400000e-04  5.0441100000e-04  4.1933000000e-05  1.5322200000e-04  4.9980200000e-04 -9.3432000000e-05  3.9949000000e-05 -4.9807000000e-04  9.9214000000e-05

JOB 23
COORDS -9.4623034846e-01 -2.6767128634e-01 -8.5755439887e-01 -7.2796071572e-01 -2.1767229918e-01  8.5796791305e-02  7.3117717301e-01 -2.1449366845e-01 -6.3632625620e-02  9.4944744883e-01 -1.6449468837e-01  8.7971833319e-01
ENERGY -1.511695418125e+02
GRADIENT  1.1358900000e-04  4.3200000000e-07 -8.0270000000e-06  2.5017000000e-04  8.0150000000e-06  1.2005100000e-04 -2.5017000000e-04 -8.0150000000e-06 -1.2005100000e-04 -1.1358900000e-04 -4.3200000000e-07  8.0270000000e-06

