JOB 0
COORDS -9.5891987209e-01 -3.2930855085e-01 -8.4876800709e-01 -7.2839819817e-01 -1.5551032391e-01  8.0123851476e-02  7.3057731877e-01 -1.5114244283e-01 -6.4188186150e-02  9.6317431209e-01 -2.2837067278e-01  8.7716029745e-01
ENERGY -1.515335570595e+02
GRADIENT -1.3442600000e-05  5.4853370000e-04 -9.3569100000e-05  1.4243700000e-05 -5.3769500000e-04  9.6082900000e-05  4.5115000000e-06 -6.0597940000e-04 -5.6041300000e-05 -5.3127000000e-06  5.9514060000e-04  5.3527400000e-05

JOB 1
COORDS -9.4939318159e-01 -3.9116347506e-01 -8.3192695387e-01 -7.2841862135e-01 -9.4355028340e-02  6.7762117741e-02  7.2958427879e-01 -8.9126085592e-02 -5.8205387364e-02  9.5466107699e-01 -2.8968740854e-01  8.6669817350e-01
ENERGY -1.515339219459e+02
GRADIENT  3.4092000000e-06  8.7265540000e-04 -2.1586750000e-04  1.6275210000e-04 -8.8558340000e-04  2.5780440000e-04 -1.6732680000e-04 -8.8225120000e-04 -1.5935960000e-04  1.1656000000e-06  8.9517920000e-04  1.1742270000e-04

JOB 2
COORDS -9.3500565660e-01 -4.5068569567e-01 -8.0670844753e-01 -7.2844115340e-01 -3.6439453490e-02  4.9430605162e-02  7.2856287041e-01 -2.8361501128e-02 -4.6186528712e-02  9.4131750526e-01 -3.4884534138e-01  8.4779232029e-01
ENERGY -1.515343383371e+02
GRADIENT -1.4371800000e-05  6.6234690000e-04 -3.1317470000e-04  1.0188600000e-05 -6.7269250000e-04  3.3882260000e-04  4.5601000000e-06 -7.3284500000e-04 -2.8676540000e-04 -3.7720000000e-07  7.4319060000e-04  2.6111740000e-04

JOB 3
COORDS -9.1458718735e-01 -5.0605721645e-01 -7.7534215275e-01 -7.2830687499e-01  1.8440970692e-02  2.3756712163e-02  7.2699037224e-01  2.8815068621e-02 -2.6773154044e-02  9.2233722424e-01 -4.0553081012e-01  8.2268654987e-01
ENERGY -1.515345548844e+02
GRADIENT  1.6921500000e-05  7.9488300000e-05 -7.0981700000e-05 -3.6353600000e-05 -4.9631900000e-05  5.9347400000e-05  4.3815100000e-05 -6.4403700000e-05 -4.2349100000e-05 -2.4382900000e-05  3.4547300000e-05  5.3983500000e-05

JOB 4
COORDS -8.9515818327e-01 -5.5796020815e-01 -7.3264413134e-01 -7.2753171482e-01  6.8194372352e-02 -4.9330641747e-03  7.2503038234e-01  8.2497645398e-02 -4.8369146781e-03  9.0409305749e-01 -4.5706380139e-01  7.8674206429e-01
ENERGY -1.515343257586e+02
GRADIENT  2.6846300000e-05 -8.5192780000e-04  7.0553090000e-04 -2.1588300000e-05  8.4965510000e-04 -8.7048700000e-04 -1.4023000000e-05  9.8311040000e-04  8.0512210000e-04  8.7649000000e-06 -9.8083780000e-04 -6.4016600000e-04

JOB 5
COORDS -8.7584292697e-01 -5.9979363559e-01 -6.8603928401e-01 -7.2579878992e-01  1.1382822820e-01 -3.8411549505e-02  7.2322503113e-01  1.3000877580e-01  2.4727869292e-02  8.8485022961e-01 -5.0837536334e-01  7.4405092120e-01
ENERGY -1.515333872213e+02
GRADIENT -5.0593300000e-05 -1.9822691000e-03  2.1415728000e-03  5.7135100000e-05  1.9329717000e-03 -2.6600518000e-03 -8.2276200000e-05  2.1650507000e-03  2.4017783000e-03  7.5734400000e-05 -2.1157532000e-03 -1.8832993000e-03

JOB 6
COORDS -8.5617804179e-01 -6.3830802725e-01 -6.3666893239e-01 -7.2395639930e-01  1.5166491622e-01 -7.9449727910e-02  7.1960868752e-01  1.7311997534e-01  6.1525929707e-02  8.6695929094e-01 -5.5080886511e-01  6.9892069256e-01
ENERGY -1.515315850985e+02
GRADIENT -3.3223030000e-04 -2.6524040000e-03  3.8598898000e-03  3.6760880000e-04  2.6231861000e-03 -4.8566502000e-03 -4.1303250000e-04  3.1035819000e-03  4.5581754000e-03  3.7765410000e-04 -3.0743640000e-03 -3.5614151000e-03

JOB 7
COORDS -8.4245874747e-01 -6.6814855476e-01 -5.8675389659e-01 -7.1892074513e-01  1.8346716570e-01 -1.2662778815e-01  7.1485102671e-01  2.0848089706e-01  1.0564641112e-01  8.5296199619e-01 -5.8813150953e-01  6.5206323083e-01
ENERGY -1.515290103330e+02
GRADIENT -8.0751670000e-04 -2.7891106000e-03  5.3551193000e-03  1.0296425000e-03  2.6876989000e-03 -6.8503346000e-03 -1.0952186000e-03  3.3846538000e-03  6.5258084000e-03  8.7309290000e-04 -3.2832421000e-03 -5.0305931000e-03

JOB 8
COORDS -8.3773462513e-01 -6.9016017943e-01 -5.3721813353e-01 -7.1034523898e-01  2.0794744773e-01 -1.7834211980e-01  7.0695228512e-01  2.3597790042e-01  1.5500551717e-01  8.4756110472e-01 -6.1809718547e-01  6.0488269092e-01
ENERGY -1.515260227523e+02
GRADIENT -1.3315672000e-03 -2.1652927000e-03  5.8688070000e-03  1.8055454000e-03  2.0627533000e-03 -7.6403773000e-03 -1.8553445000e-03  2.8331097000e-03  7.3940464000e-03  1.3813665000e-03 -2.7305704000e-03 -5.6224760000e-03

JOB 9
COORDS -8.4092380900e-01 -7.0480083751e-01 -4.9120869684e-01 -6.9716376282e-01  2.2446963974e-01 -2.3362733590e-01  6.9442189004e-01  2.5607356295e-01  2.0905052134e-01  8.5009920323e-01 -6.4007438199e-01  5.6011346799e-01
ENERGY -1.515232054193e+02
GRADIENT -1.5803351000e-03 -1.1588735000e-03  5.0379228000e-03  2.1202883000e-03  1.0674049000e-03 -6.6034378000e-03 -2.1389410000e-03  1.7170245000e-03  6.4469976000e-03  1.5989877000e-03 -1.6255560000e-03 -4.8814827000e-03

JOB 10
COORDS -8.5266030983e-01 -7.1219705600e-01 -4.4668634211e-01 -6.7845604729e-01  2.3352260322e-01 -2.8910994728e-01  6.7704378608e-01  2.6853604397e-01  2.6314488023e-01  8.6050609489e-01 -6.5419361739e-01  5.1697935718e-01
ENERGY -1.515211807582e+02
GRADIENT -1.1425902000e-03 -2.6766200000e-04  2.8345851000e-03  1.5728727000e-03  2.0635920000e-04 -3.7800674000e-03 -1.6010538000e-03  6.0176030000e-04  3.7724814000e-03  1.1707713000e-03 -5.4045750000e-04 -2.8269990000e-03

JOB 11
COORDS -8.7108331668e-01 -7.1362103805e-01 -4.0347245745e-01 -6.5558260893e-01  2.3444538429e-01 -3.4107897837e-01  6.5398568829e-01  2.7469393595e-01  3.1522333729e-01  8.7911376123e-01 -6.5985032566e-01  4.7365604375e-01
ENERGY -1.515204332097e+02
GRADIENT  2.3410000000e-07 -2.1657000000e-06  2.0391400000e-05  4.9357800000e-05  6.0635000000e-06 -6.1899400000e-05 -3.3168300000e-05 -2.3430000000e-07  3.1656600000e-05 -1.6423500000e-05 -3.6634000000e-06  9.8514000000e-06

JOB 12
COORDS -8.9346538141e-01 -7.1165818734e-01 -3.6224137023e-01 -6.2866419156e-01  2.2559033268e-01 -3.9177090171e-01  6.2439082488e-01  2.7626518326e-01  3.6387824840e-01  9.0417226775e-01 -6.5452936709e-01  4.3446196119e-01
ENERGY -1.515211606691e+02
GRADIENT  1.5685994000e-03 -4.8973500000e-04 -2.6416213000e-03 -2.1222358000e-03  5.8422790000e-04  3.4647300000e-03  2.1191985000e-03  2.0001230000e-04 -3.4497234000e-03 -1.5655619000e-03 -2.9450510000e-04  2.6266148000e-03

JOB 13
COORDS -9.1982372590e-01 -7.0275798879e-01 -3.2754586049e-01 -5.9597858173e-01  2.0985755977e-01 -4.4026625960e-01  5.8938397042e-01  2.7050025354e-01  4.1132584915e-01  9.3285184846e-01 -6.4193185866e-01  4.0081420865e-01
ENERGY -1.515231875056e+02
GRADIENT  3.0540595000e-03 -1.5815348000e-03 -4.1509196000e-03 -4.0797635000e-03  1.6818167000e-03  5.5120323000e-03  4.0586774000e-03  1.1109227000e-03 -5.6452385000e-03 -3.0329733000e-03 -1.2112046000e-03  4.2841258000e-03

JOB 14
COORDS -9.5416145402e-01 -6.8338510781e-01 -3.0105685294e-01 -5.5838597549e-01  1.8922360864e-01 -4.8392322057e-01  5.5223279614e-01  2.5451943511e-01  4.5611150363e-01  9.6674813886e-01 -6.2468998124e-01  3.7319650332e-01
ENERGY -1.515260221763e+02
GRADIENT  3.8726646000e-03 -2.6839339000e-03 -4.3738313000e-03 -5.1078324000e-03  2.7379980000e-03  5.7715142000e-03  5.0384289000e-03  2.1789135000e-03 -6.0285193000e-03 -3.8032611000e-03 -2.2329776000e-03  4.6308364000e-03

JOB 15
COORDS -9.9700382423e-01 -6.5457828515e-01 -2.7978707578e-01 -5.2098071553e-01  1.6278726877e-01 -5.1945976157e-01  5.1666044984e-01  2.2894787351e-01  4.9512160958e-01  1.0077575873e+00 -6.0148891295e-01  3.4845316725e-01
ENERGY -1.515290132454e+02
GRADIENT  3.7106587000e-03 -3.2179701000e-03 -3.5581917000e-03 -4.7910639000e-03  3.2286989000e-03  4.5967441000e-03  4.7277079000e-03  2.8147922000e-03 -4.9635613000e-03 -3.6473027000e-03 -2.8255209000e-03  3.9250089000e-03

JOB 16
COORDS -8.7059658960e-01  1.2067088452e-01 -6.6701866429e-01 -7.1700272620e-01 -6.0494992706e-01 -3.3036062411e-02  7.2794073214e-01 -5.8427064300e-01  9.3251363190e-02  8.6609212677e-01  2.0421769945e-01  6.5113132523e-01
ENERGY -1.515315844673e+02
GRADIENT -3.4459300000e-04  3.0685215000e-03  3.5816063000e-03  3.6817760000e-04 -3.0978003000e-03 -4.5734910000e-03 -3.1773900000e-04 -2.6345916000e-03  4.8509224000e-03  2.9415440000e-04  2.6638703000e-03 -3.8590376000e-03

JOB 17
COORDS -8.8928249131e-01  7.8267373484e-02 -7.1170514436e-01 -7.2016529537e-01 -5.6205338881e-01  4.1667391496e-03  7.2945892497e-01 -5.4621340168e-01  5.1983613263e-02  8.8642240514e-01  1.6566742693e-01  6.9988275364e-01
ENERGY -1.515333883794e+02
GRADIENT -5.5461500000e-05  2.1098718000e-03  1.8892392000e-03  5.5888100000e-05 -2.1555635000e-03 -2.4060576000e-03 -3.0372400000e-05 -1.9437324000e-03  2.6568494000e-03  2.9945800000e-05  1.9894240000e-03 -2.1400309000e-03

JOB 18
COORDS -9.0903216478e-01  2.7231294531e-02 -7.5428279401e-01 -7.2169505583e-01 -5.1442970229e-01  3.3941868019e-02  7.3078338043e-01 -5.0067535403e-01  1.8586489402e-02  9.0637738484e-01  1.2354176434e-01  7.4608239834e-01
ENERGY -1.515343258590e+02
GRADIENT  5.9970000000e-07  9.8342520000e-04  6.4101340000e-04  6.9480000000e-06 -9.7975020000e-04 -8.0623430000e-04  2.6132500000e-05 -8.5263170000e-04  8.6566900000e-04 -3.3680200000e-05  8.4895660000e-04 -7.0044810000e-04

JOB 19
COORDS -9.2757108009e-01 -2.3840017883e-02 -7.9021080331e-01 -7.2343251742e-01 -4.6066712096e-01  5.5914169693e-02  7.3110837583e-01 -4.5098263783e-01 -9.9440413764e-03  9.2632877717e-01  7.1157769752e-02  7.8856862877e-01
ENERGY -1.515345561591e+02
GRADIENT  1.9127000000e-05 -3.1528500000e-05 -6.2352900000e-05  3.0023600000e-05  5.5595000000e-05  4.2283600000e-05 -3.8544200000e-05  4.9623700000e-05 -5.2670000000e-05 -1.0606400000e-05 -7.3690200000e-05  7.2739300000e-05

JOB 20
COORDS -9.4183434726e-01 -8.0001776567e-02 -8.2102299393e-01 -7.2547793896e-01 -4.0302707515e-01  7.1265408291e-02  7.3134820048e-01 -3.9659274053e-01 -3.1103659027e-02  9.4239764447e-01  1.5289588968e-02  8.2518920197e-01
ENERGY -1.515343391786e+02
GRADIENT -2.1671300000e-05 -7.1627260000e-04 -3.2817890000e-04 -1.2934300000e-04  7.0152040000e-04  3.6008880000e-04  1.0501840000e-04  6.4238160000e-04 -4.1371020000e-04  4.5996000000e-05 -6.2762940000e-04  3.8180030000e-04

JOB 21
COORDS -9.5384105446e-01 -1.4221941857e-01 -8.4196895107e-01 -7.2628853717e-01 -3.4351586838e-01  8.2256451431e-02  7.3166718483e-01 -3.3737043186e-01 -4.7700088422e-02  9.5489596375e-01 -4.1226280201e-02  8.5174053746e-01
ENERGY -1.515339219531e+02
GRADIENT -1.5554600000e-05 -8.7842280000e-04 -1.8970890000e-04  1.9027700000e-05  8.6288270000e-04  2.4125090000e-04 -3.1042300000e-05  8.6573600000e-04 -3.3016280000e-04  2.7569200000e-05 -8.5019590000e-04  2.7862080000e-04

JOB 22
COORDS -9.6188704376e-01 -2.0566752048e-01 -8.5304134178e-01 -7.2721629252e-01 -2.8195977251e-01  8.7877804079e-02  7.3174128957e-01 -2.7571716700e-01 -5.9433918687e-02  9.6379561154e-01 -1.0098753031e-01  8.6892540782e-01
ENERGY -1.515335570956e+02
GRADIENT -1.6351800000e-05 -5.9285930000e-04 -5.2118200000e-05 -1.4907030000e-04  6.0468370000e-04  5.1873400000e-05  1.4297830000e-04  5.3245320000e-04 -1.1008660000e-04  2.2443700000e-05 -5.4427760000e-04  1.1033130000e-04

JOB 23
COORDS -9.6267234627e-01 -2.6770878128e-01 -8.5541617063e-01 -7.2763653943e-01 -2.1856599599e-01  8.7156607710e-02  7.3085622117e-01 -2.1359984019e-01 -6.4989954280e-02  9.6588622513e-01 -1.6445737284e-01  8.7757746443e-01
ENERGY -1.515334116954e+02
GRADIENT  1.5044770000e-04  4.1490400000e-05 -4.2910700000e-05  2.4436180000e-04  4.4240000000e-07  1.5277470000e-04 -2.4236810000e-04 -1.2690000000e-07 -1.4679680000e-04 -1.5244130000e-04 -4.1805900000e-05  3.6932800000e-05

