JOB 0
COORDS -9.4472860200e-01 -3.3002746990e-01 -8.4808413660e-01 -7.2853611710e-01 -1.5508009950e-01  8.0803999700e-02  7.3082117500e-01 -1.5171697130e-01 -6.5069243300e-02  9.4887676730e-01 -2.2750769410e-01  8.7667725680e-01
ENERGY -1.511695782677e+02

JOB 1
COORDS -9.3548785500e-01 -3.9076565640e-01 -8.3082760640e-01 -7.2851001880e-01 -9.4005103600e-02  6.8782654700e-02  7.2988052140e-01 -8.9739559400e-02 -5.9358116800e-02  9.4055023290e-01 -2.8982229640e-01  8.6573130850e-01
ENERGY -1.511699035138e+02

JOB 2
COORDS -9.2154967740e-01 -4.4880052950e-01 -8.0504362040e-01 -7.2870015090e-01 -3.5457078500e-02  5.1007789000e-02  7.2918950290e-01 -2.9684119300e-02 -4.7665400300e-02  9.2749356140e-01 -3.5039025580e-01  8.4602964600e-01
ENERGY -1.511702870121e+02

JOB 3
COORDS -9.0332482720e-01 -5.0308569200e-01 -7.7137621100e-01 -7.2806478610e-01  1.9482766900e-02  2.7374424900e-02  7.2772277570e-01  2.7369695300e-02 -2.9775398300e-02  9.1010043760e-01 -4.0809867010e-01  8.1810508450e-01
ENERGY -1.511705054817e+02

JOB 4
COORDS -8.8408015970e-01 -5.5262495100e-01 -7.2969378960e-01 -7.2736499830e-01  6.9844737700e-02 -1.1579430000e-03  7.2625440230e-01  8.0369655200e-02 -6.5436342000e-03  8.9162435570e-01 -4.6192168380e-01  7.8172378480e-01
ENERGY -1.511702935038e+02

JOB 5
COORDS -8.6387158080e-01 -5.9667546400e-01 -6.8250527890e-01 -7.2589066110e-01  1.1471841120e-01 -3.5431293700e-02  7.2408895460e-01  1.2848716960e-01  2.2961051000e-02  8.7210675910e-01 -5.1086254500e-01  7.3930412900e-01
ENERGY -1.511694110424e+02

JOB 6
COORDS -8.4511558990e-01 -6.3449220270e-01 -6.3164128270e-01 -7.2335251740e-01  1.5323874150e-01 -7.5665119600e-02  7.2094910680e-01  1.7087913490e-01  5.9045802400e-02  8.5395158840e-01 -5.5395761910e-01  6.9258965450e-01
ENERGY -1.511677381424e+02

JOB 7
COORDS -8.3070585660e-01 -6.6544393430e-01 -5.7919626590e-01 -7.1876827720e-01  1.8465740590e-01 -1.2175205680e-01  7.1586510190e-01  2.0677572890e-01  1.0168088160e-01  8.4004241980e-01 -5.9032189620e-01  6.4359682190e-01
ENERGY -1.511653592679e+02

JOB 8
COORDS -8.2340060580e-01 -6.8907672540e-01 -5.2751726530e-01 -7.1085453850e-01  2.0842421580e-01 -1.7303209280e-01  7.0756094940e-01  2.3554316670e-01  1.5026691660e-01  8.3312723390e-01 -6.1922292740e-01  5.9461174150e-01
ENERGY -1.511625995242e+02

JOB 9
COORDS -8.2492153670e-01 -7.0520617460e-01 -4.7816455690e-01 -6.9843965370e-01  2.2436689210e-01 -2.2761229280e-01  6.9486973170e-01  2.5679925880e-01  2.0293947040e-01  8.3492445870e-01 -6.4029191020e-01  5.4716657220e-01
ENERGY -1.511599842626e+02

JOB 10
COORDS -8.3489546450e-01 -7.1393540980e-01 -4.3214956660e-01 -6.8054135320e-01  2.3266103390e-01 -2.8326429140e-01  6.7680768320e-01  2.7047643850e-01  2.5746464200e-01  8.4506144690e-01 -6.5353326840e-01  5.0227799260e-01
ENERGY -1.511581040548e+02

JOB 11
COORDS -8.5192294280e-01 -7.1551887360e-01 -3.8969974390e-01 -6.5684667190e-01  2.3367192650e-01 -3.3783649370e-01  6.5305899930e-01  2.7671302760e-01  3.1166504730e-01  8.6214281540e-01 -6.5919780760e-01  4.6019989030e-01
ENERGY -1.511574197955e+02

JOB 12
COORDS -8.7520194320e-01 -7.1008981170e-01 -3.5107889700e-01 -6.2766092390e-01  2.2761040890e-01 -3.8964298480e-01  6.2392687650e-01  2.7555081940e-01  3.6384207540e-01  8.8536819070e-01 -6.5740306160e-01  4.2120892980e-01
ENERGY -1.511581040536e+02

JOB 13
COORDS -9.0513664080e-01 -6.9755744650e-01 -3.1705206220e-01 -5.9407166680e-01  2.1440808430e-01 -4.3725536460e-01  5.9050098830e-01  2.6679175080e-01  4.1258077410e-01  9.1514003970e-01 -6.4797450900e-01  3.8605602400e-01
ENERGY -1.511599842588e+02

JOB 14
COORDS -9.4250878810e-01 -6.7773187810e-01 -2.8874911180e-01 -5.5803419620e-01  1.9386380540e-01 -4.7939246890e-01  5.5474048730e-01  2.5013324110e-01  4.5662574980e-01  9.5223589500e-01 -6.3059674910e-01  3.5584513090e-01
ENERGY -1.511625995163e+02

JOB 15
COORDS -9.8692481350e-01 -6.5057336750e-01 -2.6675657160e-01 -5.2209606950e-01  1.6593644900e-01 -5.1514790040e-01  5.1919277300e-01  2.2548015330e-01  4.9507759220e-01  9.9626092160e-01 -6.0517501250e-01  3.3115607980e-01
ENERGY -1.511653592747e+02

JOB 16
COORDS -8.5258548960e-01  1.2189855010e-01 -6.6805149880e-01 -7.1791910340e-01 -6.0294410590e-01 -3.4865996400e-02  7.2675534220e-01 -5.8550753860e-01  9.5813317400e-02  8.5018219630e-01  2.0221748680e-01  6.5143087780e-01
ENERGY -1.511677381427e+02

JOB 17
COORDS -8.7087648140e-01  7.8805285800e-02 -7.1471452320e-01 -7.2095194530e-01 -5.6055089450e-01  1.2261397000e-03  7.2918707190e-01 -5.4698856230e-01  5.5571802200e-02  8.6907474820e-01  1.6439888150e-01  7.0224332590e-01
ENERGY -1.511694110427e+02

JOB 18
COORDS -8.9052111670e-01  2.9866020800e-02 -7.5707859320e-01 -7.2302580610e-01 -5.1243203470e-01  3.0734658500e-02  7.3056969200e-01 -5.0211507180e-01  2.1294650000e-02  8.8941017890e-01  1.2034621270e-01  7.4937653290e-01
ENERGY -1.511702935048e+02

JOB 19
COORDS -9.0925199100e-01 -2.3969450200e-02 -7.9346989230e-01 -7.2463427330e-01 -4.5942588320e-01  5.3889176500e-02  7.3141022530e-01 -4.5173747320e-01 -7.1613948000e-03  9.0890951450e-01  7.0798950400e-02  7.9106982890e-01
ENERGY -1.511705055720e+02

JOB 20
COORDS -9.2553603430e-01 -8.1694542300e-02 -8.2265363960e-01 -7.2617179600e-01 -4.0245675210e-01  7.0911556900e-02  7.3211642290e-01 -3.9679174300e-01 -2.9923025000e-02  9.2602535900e-01  1.6610022800e-02  8.2599260770e-01
ENERGY -1.511702868448e+02

JOB 21
COORDS -9.3800870570e-01 -1.4230027170e-01 -8.4317860380e-01 -7.2707071900e-01 -3.4243275500e-01  8.2024332500e-02  7.3213391780e-01 -3.3821280030e-01 -4.7118011900e-02  9.3937921150e-01 -4.1386954300e-02  8.5259978320e-01
ENERGY -1.511699035581e+02

JOB 22
COORDS -9.4580029200e-01 -2.0465945750e-01 -8.5455676650e-01 -7.2778551890e-01 -2.8045271780e-01  8.7230101700e-02  7.3193346260e-01 -2.7708675620e-01 -5.8636901300e-02  9.4808512500e-01 -1.0213334510e-01  8.7029114290e-01
ENERGY -1.511695782005e+02

JOB 23
COORDS -9.4764836640e-01 -2.6759722650e-01 -8.5589819040e-01 -7.2788061200e-01 -2.1760478590e-01  8.7110072500e-02  7.3109722980e-01 -2.1456157550e-01 -6.4946062200e-02  9.5086504870e-01 -1.6456913550e-01  8.7806218010e-01
ENERGY -1.511694533858e+02

