JOB 0
COORDS  1.5751673636e+00 -4.7816770730e-01  3.5676285410e-01  7.3512512040e-01  6.9100029230e-01 -1.4739560830e-01  1.3776124434e+00 -6.6867745750e-01  1.4165202126e+00  2.6435281673e+00 -2.7304536140e-01  2.4467423480e-01  1.3369649007e+00 -1.3856362373e+00 -2.0102286190e-01  9.8172308640e-01  1.6036475636e+00  4.0940354180e-01 -7.5366648110e-01  4.3220028060e-01 -1.1765339400e-02  9.5373396600e-01  8.8474884830e-01 -1.2027906539e+00 -1.3166367782e+00  1.3054771511e+00 -3.6858748980e-01 -1.0171587667e+00  2.7467098560e-01  1.0448028055e+00 -1.0760280168e+00 -7.3175863320e-01 -7.8189251970e-01 -1.9894452183e+00 -6.3882335490e-01 -1.0949199932e+00
ENERGY -1.936818607000e+02

JOB 1
COORDS  1.5721062349e+00 -4.7445900500e-01  3.6319306090e-01  7.1812830080e-01  6.7634551390e-01 -1.5773875380e-01  1.4163344784e+00 -6.1691539840e-01  1.4373630980e+00  2.6364280010e+00 -2.8385076270e-01  1.9936472950e-01  1.3044280852e+00 -1.4031338408e+00 -1.4450885000e-01  9.8165102360e-01  1.6086436463e+00  3.5832176900e-01 -7.6725761960e-01  4.1838142360e-01  3.3733051600e-02  9.0841185700e-01  8.3351947100e-01 -1.2253800859e+00 -1.3512856471e+00  1.2831611894e+00 -3.0603869790e-01 -9.8706846670e-01  2.7175141090e-01  1.0992332245e+00 -1.1535394350e+00 -7.7066237390e-01 -6.7098000750e-01 -1.8274284056e+00 -5.2713132760e-01 -1.3227595984e+00
ENERGY -1.936809479400e+02

JOB 2
COORDS  1.5512876246e+00 -4.8073402600e-01  3.5702966710e-01  6.9537449580e-01  6.6673636100e-01 -1.6677652580e-01  1.4327786594e+00 -5.8781643150e-01  1.4399418308e+00  2.6117183150e+00 -3.1324790700e-01  1.4899790450e-01  1.2492098180e+00 -1.4200629263e+00 -1.1001198370e-01  9.8271711100e-01  1.6090396591e+00  3.1751895550e-01 -7.8956983660e-01  4.3037879000e-01  7.0897118300e-02  8.6419309060e-01  8.0180499300e-01 -1.2425120569e+00 -1.3790948388e+00  1.3021537894e+00 -2.4376440820e-01 -9.7374693550e-01  2.7857449080e-01  1.1395962389e+00 -1.2505055503e+00 -7.6063569410e-01 -5.7818494080e-01 -1.5434401099e+00 -5.1054020620e-01 -1.4689116310e+00
ENERGY -1.936823452300e+02

JOB 3
COORDS  1.5162412875e+00 -4.9677494050e-01  3.3546300070e-01  6.6859071690e-01  6.6654656030e-01 -1.6786530390e-01  1.4231519385e+00 -5.9854028200e-01  1.4210694854e+00  2.5738791843e+00 -3.5052093200e-01  9.9486573100e-02  1.1853158170e+00 -1.4335591860e+00 -1.1710947440e-01  9.8552591110e-01  1.6037821581e+00  3.0652768740e-01 -8.1680706660e-01  4.6415063960e-01  9.8778434500e-02  8.1850805820e-01  8.0355956110e-01 -1.2475780564e+00 -1.3847288989e+00  1.3543884270e+00 -2.0965256460e-01 -9.9354070420e-01  3.1274583830e-01  1.1673971895e+00 -1.3340263011e+00 -7.0923381110e-01 -5.3340985640e-01 -1.1911853096e+00 -6.0090295250e-01 -1.4892645113e+00
ENERGY -1.936832919600e+02

JOB 4
COORDS  1.4784590344e+00 -5.1275036220e-01  3.0067544000e-01  6.4780062220e-01  6.7967320690e-01 -1.6580195960e-01  1.3813457646e+00 -6.4752942100e-01  1.3820025882e+00  2.5380149280e+00 -3.7298371970e-01  7.0183536900e-02  1.1441199687e+00 -1.4364994329e+00 -1.7712479370e-01  9.9052334490e-01  1.5960252198e+00  3.2921640450e-01 -8.3966803830e-01  5.0741814640e-01  1.0571187320e-01  7.9115530460e-01  8.4338737120e-01 -1.2428956227e+00 -1.3799012717e+00  1.4147198180e+00 -2.0134393900e-01 -1.0183723875e+00  3.6040019320e-01  1.1755848449e+00 -1.3963520165e+00 -6.3637687120e-01 -5.4898532720e-01 -8.8624564780e-01 -7.7984330430e-01 -1.3633905198e+00
ENERGY -1.936815165700e+02

JOB 5
COORDS  1.5262623936e+00 -4.9922689790e-01  3.3196182460e-01  7.5186587680e-01  7.2666405440e-01 -1.3844794280e-01  1.2633078445e+00 -7.5373516610e-01  1.3642653401e+00  2.6047267887e+00 -3.2199690790e-01  2.9541586440e-01  1.2936990725e+00 -1.3575409932e+00 -2.9985030760e-01  9.9205628060e-01  1.5986296233e+00  4.8222050250e-01 -7.5089066400e-01  5.1591117820e-01 -1.0657615640e-01  1.0413160494e+00  9.7782267310e-01 -1.1650725403e+00 -1.2741559963e+00  1.4248700576e+00 -4.3539742960e-01 -1.0673402800e+00  3.0365439260e-01  9.2497831040e-01 -1.0686842318e+00 -5.8147785560e-01 -9.6965310910e-01 -1.8612358792e+00 -1.0179433587e+00 -6.2002826990e-01
ENERGY -1.936821880900e+02

JOB 6
COORDS  1.5583453644e+00 -4.8729566850e-01  3.4652517530e-01  7.4768053470e-01  7.0822340090e-01 -1.4302191950e-01  1.3197598439e+00 -7.1669478280e-01  1.3901859181e+00  2.6315235296e+00 -2.8645647540e-01  2.8335468720e-01  1.3347031092e+00 -1.3702340677e+00 -2.5406304160e-01  9.8566391740e-01  1.6005132618e+00  4.4862974910e-01 -7.4789355190e-01  4.6929559540e-01 -6.5231840200e-02  1.0043425549e+00  9.3459417670e-01 -1.1835603849e+00 -1.2913794573e+00  1.3605243144e+00 -4.1147779100e-01 -1.0414512088e+00  2.8175065820e-01  9.7912033780e-01 -1.0463255954e+00 -6.6164298630e-01 -8.8730014540e-01 -2.0040384067e+00 -8.1694505980e-01 -8.3935496080e-01
ENERGY -1.936829892900e+02

JOB 7
COORDS  1.5590345702e+00 -5.0058291720e-01  3.0711539980e-01  7.4031409820e-01  7.1756281440e-01 -1.0931753050e-01  1.3243294167e+00 -8.0079867900e-01  1.3334529694e+00  2.6295473032e+00 -2.8260440220e-01  2.5591284910e-01  1.3422417974e+00 -1.3445406784e+00 -3.4785833120e-01  9.8465413180e-01  1.5851676572e+00  5.1500754690e-01 -7.5875402620e-01  4.7243539510e-01 -2.9383938100e-02  9.9727482110e-01  9.8304462010e-01 -1.1411755365e+00 -1.2989535750e+00  1.2762923156e+00 -5.4686575430e-01 -1.0819858664e+00  4.7999380180e-01  1.0225099597e+00 -1.0473229805e+00 -8.0514041620e-01 -6.0821856140e-01 -1.9394627152e+00 -7.6517510670e-01 -9.8736796920e-01
ENERGY -1.936807169600e+02

JOB 8
COORDS  1.5526768557e+00 -4.9925095780e-01  3.0975746410e-01  7.2486024430e-01  7.0748447680e-01 -1.1924553040e-01  1.3550197257e+00 -7.5995656730e-01  1.3546319700e+00  2.6219921087e+00 -2.9266373390e-01  2.1031529500e-01  1.3037291634e+00 -1.3648735150e+00 -3.0437974120e-01  9.9023323650e-01  1.5938714417e+00  4.6993159140e-01 -7.7295227530e-01  4.6555349750e-01  1.9175053100e-02  9.5245893510e-01  9.4233418660e-01 -1.1662102949e+00 -1.3392468347e+00  1.2643514775e+00 -4.7538222090e-01 -1.0480092540e+00  4.8005611210e-01  1.0820043853e+00 -1.1280108261e+00 -8.2463448470e-01 -4.9761845940e-01 -1.7618360352e+00 -6.9661584480e-01 -1.2191689304e+00
ENERGY -1.936799544400e+02

JOB 9
COORDS  1.5293834613e+00 -5.0531116250e-01  2.9889112110e-01  7.0277399560e-01  7.0180089130e-01 -1.2973167780e-01  1.3565979945e+00 -7.4306854990e-01  1.3534434278e+00  2.5979162836e+00 -3.1412996490e-01  1.6627501080e-01  1.2541382499e+00 -1.3821034070e+00 -2.8780854830e-01  9.9397783360e-01  1.5965617148e+00  4.3420673940e-01 -7.9536012160e-01  4.7999593510e-01  5.6299111900e-02  9.0756835570e-01  9.2031769630e-01 -1.1861366501e+00 -1.3731797017e+00  1.2887218388e+00 -4.1029788630e-01 -1.0305443360e+00  4.8592430940e-01  1.1259469463e+00 -1.2236669590e+00 -8.0371790150e-01 -4.1129203840e-01 -1.4686811546e+00 -7.0933878740e-01 -1.3459726758e+00
ENERGY -1.936814406700e+02

JOB 10
COORDS  1.4933368102e+00 -5.1831592750e-01  2.7171179980e-01  6.7514679980e-01  7.0363487230e-01 -1.3295552040e-01  1.3357799859e+00 -7.6051754730e-01  1.3272141343e+00  2.5615918405e+00 -3.4074451760e-01  1.2010280540e-01  1.2014639132e+00 -1.3924759999e+00 -3.1175190120e-01  9.9728399780e-01  1.5914039793e+00  4.2428208290e-01 -8.2339089360e-01  5.1196282230e-01  8.3081804000e-02  8.5921757360e-01  9.2547077200e-01 -1.1933095026e+00 -1.3856023505e+00  1.3381322995e+00 -3.7578650260e-01 -1.0478665549e+00  5.1559688750e-01  1.1537095939e+00 -1.3023369799e+00 -7.5409699290e-01 -3.7467386240e-01 -1.1137038925e+00 -8.0440294390e-01 -1.3277943907e+00
ENERGY -1.936822919800e+02

JOB 11
COORDS  1.4588581567e+00 -5.3144549210e-01  2.3183940440e-01  6.5335400800e-01  7.1312752690e-01 -1.3469544600e-01  1.2834514497e+00 -8.1720657330e-01  1.2731964327e+00  2.5295280792e+00 -3.5122942890e-01  1.0391969580e-01  1.1900827606e+00 -1.3874881623e+00 -3.9069218640e-01  9.9867310340e-01  1.5771106810e+00  4.4411787250e-01 -8.4785096600e-01  5.5091310180e-01  8.6420325400e-02  8.3381177390e-01  9.6013830180e-01 -1.1896452749e+00 -1.3838305101e+00  1.3941825926e+00 -3.7189297960e-01 -1.0710473041e+00  5.6170574730e-01  1.1582845536e+00 -1.3689889457e+00 -6.9012821820e-01 -3.9522440530e-01 -8.2511984420e-01 -9.6401878550e-01 -1.1517976783e+00
ENERGY -1.936801031000e+02

JOB 12
COORDS  1.5220067871e+00 -5.1657006170e-01  2.8198315700e-01  7.5450582780e-01  7.4332713700e-01 -1.0308566310e-01  1.2031418636e+00 -8.8937366420e-01  1.2611510069e+00  2.5955174080e+00 -3.1384687740e-01  3.3386370070e-01  1.3486587774e+00 -1.3051646760e+00 -4.4963618240e-01  9.7074103900e-01  1.5657834102e+00  5.8890195810e-01 -7.5333998270e-01  5.3419008990e-01 -1.4026748970e-01  1.0895296823e+00  1.0723898177e+00 -1.0937621533e+00 -1.2483096154e+00  1.3808961838e+00 -6.3571653100e-01 -1.1315564628e+00  4.8727267290e-01  8.9146549300e-01 -1.0398938097e+00 -6.9145540530e-01 -8.2112753610e-01 -1.8600996115e+00 -1.0518185572e+00 -4.4995229670e-01
ENERGY -1.936805120100e+02

JOB 13
COORDS  1.5483328234e+00 -5.0666663610e-01  2.9643405650e-01  7.5103888640e-01  7.2994389850e-01 -1.0622109290e-01  1.2653123999e+00 -8.4941108250e-01  1.2969482700e+00  2.6198761988e+00 -2.8758461310e-01  3.0568414250e-01  1.3640454367e+00 -1.3227622335e+00 -4.0192822070e-01  9.7671810580e-01  1.5749852017e+00  5.5449554630e-01 -7.5176157150e-01  4.9777869220e-01 -8.9067608400e-02  1.0483033417e+00  1.0305288854e+00 -1.1174282846e+00 -1.2697425129e+00  1.3222721851e+00 -5.9948636640e-01 -1.1063388501e+00  4.7569638310e-01  9.5321381720e-01 -1.0167321596e+00 -7.5552780380e-01 -7.2260202280e-01 -1.9781427423e+00 -8.9361434970e-01 -7.0622807200e-01
ENERGY -1.936815965500e+02

JOB 14
COORDS  1.5643998255e+00 -5.0585095150e-01  2.3689580480e-01  7.3632938260e-01  7.3999079840e-01 -6.7259749700e-02  1.3217914685e+00 -9.1726078010e-01  1.2212800644e+00  2.6308774760e+00 -2.6324050510e-01  2.2454337410e-01  1.3716039195e+00 -1.2807263542e+00 -5.0408301590e-01  9.7163128920e-01  1.5476085989e+00  6.3466619670e-01 -7.7232013890e-01  4.8951262470e-01 -3.6576623400e-02  1.0180649311e+00  1.1001907773e+00 -1.0636469670e+00 -1.2869396744e+00  1.2009140541e+00 -6.9512437740e-01 -1.1538591600e+00  6.5229639910e-01  9.8220371640e-01 -1.0401117904e+00 -8.6412780240e-01 -4.2044461500e-01 -1.9105043417e+00 -8.8363593360e-01 -8.4867558790e-01
ENERGY -1.936776855600e+02

JOB 15
COORDS  1.5512721699e+00 -5.0752514890e-01  2.3883743010e-01  7.2422753880e-01  7.3433023410e-01 -7.9889314700e-02  1.3310620350e+00 -8.8673863230e-01  1.2414114044e+00  2.6193430134e+00 -2.7689213940e-01  1.9053212970e-01  1.3303782658e+00 -1.3039435875e+00 -4.7091602890e-01  9.8556053560e-01  1.5624054658e+00  5.8876792940e-01 -7.8560472930e-01  4.9156342270e-01  1.1724958100e-02  9.7875283610e-01  1.0633152132e+00 -1.0951510424e+00 -1.3307743442e+00  1.2003058440e+00 -6.2281813570e-01 -1.1158942377e+00  6.6248231960e-01  1.0442096223e+00 -1.1212734312e+00 -8.6564070800e-01 -3.0901087030e-01 -1.7160877442e+00 -8.5799207690e-01 -1.0739070086e+00
ENERGY -1.936770897800e+02

JOB 16
COORDS  1.5208234686e+00 -5.1626469160e-01  2.2870694230e-01  7.0507034890e-01  7.3200917560e-01 -9.1943178500e-02  1.3133817225e+00 -8.7681804080e-01  1.2405436689e+00  2.5911813766e+00 -3.0375387830e-01  1.5540066060e-01  1.2773291172e+00 -1.3237521327e+00 -4.6169605960e-01  9.9547887560e-01  1.5674723766e+00  5.5533698520e-01 -8.0680799450e-01  5.1191581530e-01  4.4673178900e-02  9.4042436020e-01  1.0443112210e+00 -1.1179198528e+00 -1.3671326669e+00  1.2335764995e+00 -5.6336564260e-01 -1.0973526748e+00  6.7378711160e-01  1.0876904784e+00 -1.2125481566e+00 -8.3270396260e-01 -2.3232160980e-01 -1.4088908839e+00 -8.9411442030e-01 -1.1813102801e+00
ENERGY -1.936787500300e+02

JOB 17
COORDS  1.4811131278e+00 -5.3149067280e-01  2.0296700070e-01  6.7995694050e-01  7.3275393490e-01 -9.6154591800e-02  1.2773501078e+00 -9.0066871170e-01  1.2119084963e+00  2.5533403113e+00 -3.3281205050e-01  1.2119481750e-01  1.2316080502e+00 -1.3334414788e+00 -4.9335099520e-01  1.0017031351e+00  1.5577749612e+00  5.4909195790e-01 -8.3472429960e-01  5.4637541430e-01  6.3801305900e-02  9.0166095160e-01  1.0484875699e+00 -1.1242733285e+00 -1.3787083054e+00  1.2866240986e+00 -5.3961195350e-01 -1.1167198837e+00  7.0700750620e-01  1.1080793499e+00 -1.2912021387e+00 -7.7964115640e-01 -2.0956209970e-01 -1.0544520096e+00 -9.8529955080e-01 -1.1302690254e+00
ENERGY -1.936794239200e+02

JOB 18
COORDS  1.4487915667e+00 -5.4584315010e-01  1.6314923590e-01  6.5983729480e-01  7.3632451470e-01 -1.0064653470e-01  1.2096348938e+00 -9.6812763970e-01  1.1428460875e+00  2.5224549426e+00 -3.4269312750e-01  1.3098917370e-01  1.2480486751e+00 -1.3151696608e+00 -5.8695661360e-01  1.0008251756e+00  1.5344572407e+00  5.6703569750e-01 -8.5946473050e-01  5.8308247800e-01  6.0128155500e-02  8.8507398140e-01  1.0757392847e+00 -1.1195058003e+00 -1.3749247206e+00  1.3403928955e+00 -5.4660423630e-01 -1.1400100636e+00  7.5608468520e-01  1.1038167409e+00 -1.3628213243e+00 -7.2095767800e-01 -2.3915806580e-01 -7.8652901660e-01 -1.1176163462e+00 -9.1126553740e-01
ENERGY -1.936768585600e+02

JOB 19
COORDS  1.5390798211e+00 -5.1631221960e-01  2.1368754390e-01  7.4610960870e-01  7.5783590210e-01 -6.0550759100e-02  1.2150458961e+00 -9.9779765660e-01  1.1412489885e+00  2.6042566681e+00 -2.8527515180e-01  3.0700823000e-01  1.4045155941e+00 -1.2327431466e+00 -5.9574223410e-01  9.3589675210e-01  1.5125242829e+00  7.1074605420e-01 -7.6523534460e-01  5.3029214800e-01 -1.5822421370e-01  1.1054962235e+00  1.1864598539e+00 -1.0033349376e+00 -1.2300119972e+00  1.2899266106e+00 -8.0104792450e-01 -1.2055361441e+00  6.3616147720e-01  8.4352347620e-01 -1.0272763918e+00 -7.8633510260e-01 -6.5521444960e-01 -1.8713722207e+00 -1.0790620675e+00 -2.7833149980e-01
ENERGY -1.936773164800e+02

JOB 20
COORDS  1.5596931793e+00 -5.0883981370e-01  2.2742608930e-01  7.4421294350e-01  7.4843780120e-01 -6.2809881500e-02  1.2768667730e+00 -9.5767027140e-01  1.1841030756e+00  2.6252760953e+00 -2.6508113360e-01  2.6876545300e-01  1.4008138226e+00 -1.2555454785e+00 -5.4972586140e-01  9.5292902450e-01  1.5297602513e+00  6.7600956650e-01 -7.6478171700e-01  5.0385138820e-01 -1.0015023360e-01  1.0650541693e+00  1.1455292585e+00 -1.0327500897e+00 -1.2548102832e+00  1.2379406379e+00 -7.5475628870e-01 -1.1807107179e+00  6.3481194420e-01  9.1050554380e-01 -1.0054706174e+00 -8.3374270750e-01 -5.4385086580e-01 -1.9681060194e+00 -9.6378119260e-01 -5.5898920970e-01
ENERGY -1.936785092900e+02

JOB 21
COORDS  1.5719042582e+00 -5.0833834790e-01  1.6308300600e-01  7.3351573780e-01  7.5416795100e-01 -2.7374050900e-02  1.3258077361e+00 -1.0163491865e+00  1.0988324699e+00  2.6345250780e+00 -2.4926712420e-01  1.8375983560e-01  1.3989776214e+00 -1.2129581451e+00 -6.4982044440e-01  9.6373282880e-01  1.4828659948e+00  7.5680958040e-01 -7.8445398710e-01  5.0138425210e-01 -4.3693160500e-02  1.0322409137e+00  1.2191628074e+00 -9.7370287770e-01 -1.2565870075e+00  1.0926900100e+00 -8.3832211070e-01 -1.2280473036e+00  8.2661006610e-01  9.0778665800e-01 -1.0473860425e+00 -8.9580948540e-01 -2.2291535650e-01 -1.8933124895e+00 -9.7846673310e-01 -6.9060590810e-01
ENERGY -1.936744892000e+02

JOB 22
COORDS  1.5515624979e+00 -5.1288871060e-01  1.6575238160e-01  7.2412666400e-01  7.5332537590e-01 -3.9710639300e-02  1.3207689488e+00 -9.9156007320e-01  1.1207611214e+00  2.6181407335e+00 -2.7014055180e-01  1.5271983780e-01  1.3490564978e+00 -1.2393283662e+00 -6.2107425960e-01  9.8405864540e-01  1.5040150426e+00  7.1416821510e-01 -7.9765934700e-01  5.1151026470e-01  2.6792170000e-03  1.0004342549e+00  1.1867604315e+00 -1.0084888590e+00 -1.3037972048e+00  1.1034181528e+00 -7.6858115790e-01 -1.1921492381e+00  8.4387710660e-01  9.7016667200e-01 -1.1262942987e+00 -8.7999584460e-01 -1.1789822350e-01 -1.6773363699e+00 -9.9329517100e-01 -9.0666418710e-01
ENERGY -1.936739961200e+02

JOB 23
COORDS  1.5154432364e+00 -5.2420816360e-01  1.5768801620e-01  7.0725653730e-01  7.5357147660e-01 -5.0927763700e-02  1.2914180200e+00 -9.8545573700e-01  1.1224525141e+00  2.5861613038e+00 -3.0357436280e-01  1.2130942350e-01  1.2909456402e+00 -1.2608027924e+00 -6.1491604730e-01  9.9647911580e-01  1.5102693215e+00  6.8617551120e-01 -8.1865242950e-01  5.3651827670e-01  2.9536471700e-02  9.7119540840e-01  1.1702412122e+00 -1.0309980704e+00 -1.3422952478e+00  1.1452347395e+00 -7.1803057530e-01 -1.1771052700e+00  8.5845803410e-01  1.0115148949e+00 -1.2143860218e+00 -8.3699347870e-01 -5.6442631400e-02 -1.3555614031e+00 -1.0475484523e+00 -9.9353085960e-01
ENERGY -1.936757265600e+02

JOB 24
COORDS  1.4743371386e+00 -5.4116923660e-01  1.3274528500e-01  6.8435343330e-01  7.5233649650e-01 -5.7039396000e-02  1.2372709438e+00 -1.0182215593e+00  1.0862516922e+00  2.5476700820e+00 -3.3374100410e-01  1.0737310190e-01  1.2611015339e+00 -1.2637155418e+00 -6.5837396120e-01  1.0021282490e+00  1.4947329130e+00  6.8251665300e-01 -8.4639582160e-01  5.7197857960e-01  4.0786087100e-02  9.4291844930e-01  1.1731763745e+00 -1.0363609336e+00 -1.3536401388e+00  1.1993634986e+00 -7.0505541990e-01 -1.1964488842e+00  8.9471351200e-01  1.0242268844e+00 -1.2948738346e+00 -7.8234340370e-01 -4.6454129200e-02 -1.0075099795e+00 -1.1314041321e+00 -9.0677872610e-01
ENERGY -1.936762434900e+02

JOB 25
COORDS  1.4437653716e+00 -5.5574955370e-01  9.3816651200e-02  6.6571756830e-01  7.5154821630e-01 -6.0781833000e-02  1.1715541424e+00 -1.0814655912e+00  1.0121138482e+00  2.5170243272e+00 -3.5091041830e-01  1.2211523160e-01  1.2790989068e+00 -1.2354815766e+00 -7.4824223740e-01  9.9591130840e-01  1.4628812499e+00  7.0273096730e-01 -8.7051471050e-01  6.0378329980e-01  2.9767847400e-02  9.3410314080e-01  1.1967929038e+00 -1.0254667851e+00 -1.3478913736e+00  1.2479031476e+00 -7.2114439220e-01 -1.2207281639e+00  9.3846348160e-01  1.0101576522e+00 -1.3639965469e+00 -7.3296524660e-01 -9.2567452700e-02 -7.5313683920e-01 -1.2290995242e+00 -6.5867754360e-01
ENERGY -1.936736856900e+02

JOB 26
COORDS  1.5594358213e+00 -5.1315379270e-01  1.4323627240e-01  7.3789628490e-01  7.6363634220e-01 -1.7935196400e-02  1.2478758114e+00 -1.0823189765e+00  1.0222208180e+00  2.6182027940e+00 -2.6156596430e-01  2.5587809540e-01  1.4450282035e+00 -1.1611762001e+00 -7.2562483770e-01  9.0706378090e-01  1.4306624544e+00  8.3405833000e-01 -7.7533478470e-01  5.2171632790e-01 -1.7241255870e-01  1.1086737395e+00  1.2988358956e+00 -8.9906840200e-01 -1.1909673222e+00  1.1666946380e+00 -9.5778581360e-01 -1.2816891799e+00  7.8766917210e-01  7.6528622460e-01 -1.0280445679e+00 -8.5544604710e-01 -4.7541547390e-01 -1.8972371276e+00 -1.0798570675e+00 -1.0855663200e-01
ENERGY -1.936742511600e+02

JOB 27
COORDS  1.5741076099e+00 -5.0845646940e-01  1.5517563840e-01  7.3833698260e-01  7.5802264800e-01 -2.1165825100e-02  1.3001479876e+00 -1.0468821673e+00  1.0654556255e+00  2.6343730471e+00 -2.4636340220e-01  2.1801573760e-01  1.4315326547e+00 -1.1870006418e+00 -6.8560812800e-01  9.3489656640e-01  1.4564916440e+00  7.9872472560e-01 -7.7625322650e-01  5.0528009190e-01 -1.0949625320e-01  1.0725858695e+00  1.2602250863e+00 -9.3565861130e-01 -1.2207585655e+00  1.1216058547e+00 -9.0291637020e-01 -1.2561472250e+00  7.9711943590e-01  8.3603299090e-01 -1.0098030061e+00 -8.8515450220e-01 -3.5235330740e-01 -1.9721124083e+00 -1.0091938531e+00 -4.0235499620e-01
ENERGY -1.936753618700e+02

JOB 28
COORDS  1.5765342637e+00 -5.0634526850e-01  8.5029501100e-02  7.3035818100e-01  7.6323675430e-01  9.7239650000e-03  1.3260713058e+00 -1.0977658002e+00  9.6724598160e-01  2.6367086630e+00 -2.4091648160e-01  1.3546219540e-01  1.4189561267e+00 -1.1385502973e+00 -7.8981316800e-01  9.5516910850e-01  1.3936790016e+00  8.7630838230e-01 -7.9084565340e-01  5.0824586030e-01 -4.9665199200e-02  1.0347859622e+00  1.3399743190e+00 -8.7026721610e-01 -1.2055951348e+00  9.5018178320e-01 -9.6467184710e-01 -1.2922071103e+00  9.9440241190e-01  7.9786575520e-01 -1.0593355719e+00 -8.9927927610e-01 -1.9339041900e-02 -1.8797025126e+00 -1.0511867079e+00 -5.1404803440e-01
ENERGY -1.936730550800e+02

JOB 29
COORDS  1.5500292994e+00 -5.1406413520e-01  8.9535268500e-02  7.2304891510e-01  7.6614045580e-01 -1.5000000000e-09  1.3134140786e+00 -1.0760391360e+00  9.9450871070e-01  2.6161662641e+00 -2.6889306210e-01  1.0127883900e-01  1.3574803420e+00 -1.1695296597e+00 -7.6154404690e-01  9.7947126780e-01  1.4192369124e+00  8.4072861470e-01 -8.0483410500e-01  5.2603520340e-01 -6.8100136000e-03  1.0124407594e+00  1.3123034018e+00 -9.0506842040e-01 -1.2542625892e+00  9.7214481180e-01 -9.0160091790e-01 -1.2633964592e+00  1.0183477218e+00  8.5784770140e-01 -1.1363240609e+00 -8.6794512870e-01  7.3408662500e-02 -1.6423304535e+00 -1.1020562025e+00 -7.1846444890e-01
ENERGY -1.936724747300e+02

JOB 30
COORDS  1.5102082178e+00 -5.2798208580e-01  8.3289961200e-02  7.0798061120e-01  7.6769366080e-01 -1.0602751000e-02  1.2698031651e+00 -1.0766307807e+00  9.9518031480e-01  2.5814634511e+00 -3.0722234620e-01  8.0868009600e-02  1.3024171695e+00 -1.1888583687e+00 -7.6162018350e-01  9.9173193060e-01  1.4254889149e+00  8.1756774560e-01 -8.2605658490e-01  5.5493036570e-01  1.3386636000e-02  9.9340794700e-01  1.2968565381e+00 -9.2724711120e-01 -1.2952364766e+00  1.0209534639e+00 -8.6208633710e-01 -1.2527153405e+00  1.0372022671e+00  8.9650741730e-01 -1.2228813196e+00 -8.1733070650e-01  1.1924244030e-01 -1.3092234784e+00 -1.1694220851e+00 -7.8067506950e-01
ENERGY -1.936741163800e+02

JOB 31
COORDS  1.4679080189e+00 -5.4602341670e-01  5.8952185000e-02  6.8673996930e-01  7.6498697160e-01 -1.8059506100e-02  1.1999874349e+00 -1.1141261041e+00  9.5123082710e-01  2.5415967387e+00 -3.4191794610e-01  8.5824050800e-02  1.2840267016e+00 -1.1826470070e+00 -8.1212218710e-01  9.9361564440e-01  1.4047714194e+00  8.1581680600e-01 -8.5312036160e-01  5.8951184520e-01  1.6721968400e-02  9.7502506090e-01  1.2986819742e+00 -9.3044425300e-01 -1.3076446840e+00  1.0737217818e+00 -8.5877381160e-01 -1.2709685395e+00  1.0724669459e+00  9.0221660550e-01 -1.3016108716e+00 -7.6451644160e-01  1.1494281280e-01 -9.6465105320e-01 -1.2392333187e+00 -6.6248702090e-01
ENERGY -1.936746880500e+02

JOB 32
COORDS  1.4403026725e+00 -5.5964799510e-01  2.3447976800e-02  6.6877064700e-01  7.5975231640e-01 -1.5329465500e-02  1.1635790071e+00 -1.1595825725e+00  8.9344591920e-01  2.5139454196e+00 -3.6304488260e-01  7.6331511500e-02  1.2771684052e+00 -1.1600161511e+00 -8.7850806980e-01  9.7747441100e-01  1.3626355515e+00  8.4454480740e-01 -8.7591539480e-01  6.1507166280e-01 -4.3627703000e-03  9.7416225950e-01  1.3202549330e+00 -9.0470872930e-01 -1.2947297110e+00  1.1226973128e+00 -8.8417288360e-01 -1.2974570659e+00  1.1032566900e+00  8.7767786270e-01 -1.3696524400e+00 -7.2664275550e-01  4.0338733300e-02 -7.2674233980e-01 -1.2990432100e+00 -4.0488189710e-01
ENERGY -1.936723073600e+02

JOB 33
COORDS  1.5783327476e+00 -5.0552501180e-01  6.7827452500e-02  7.2910357910e-01  7.6337088690e-01  2.0503938700e-02  1.2769250946e+00 -1.1519848743e+00  8.9311805100e-01  2.6313543358e+00 -2.4023417820e-01  2.0098191400e-01  1.4811065908e+00 -1.0820469542e+00 -8.5357926310e-01  8.7992894080e-01  1.3251368676e+00  9.4859733220e-01 -7.7989627730e-01  5.0873216610e-01 -1.8121986540e-01  1.0953461174e+00  1.4079224936e+00 -7.8533620250e-01 -1.1323974473e+00  1.0091812688e+00 -1.0929884372e+00 -1.3435200147e+00  9.3605719080e-01  6.5799647690e-01 -1.0368468822e+00 -8.9783638060e-01 -2.7947444470e-01 -1.9285431604e+00 -1.0571083416e+00  6.7410024300e-02
ENERGY -1.936730554400e+02

JOB 34
COORDS  1.5862618749e+00 -5.0363138900e-01  7.7449957800e-02  7.3238383900e-01  7.6217634300e-01  1.5367700200e-02  1.3133578050e+00 -1.1234759512e+00  9.3272678500e-01  2.6418052056e+00 -2.3111367780e-01  1.6935148950e-01  1.4623675433e+00 -1.1090013605e+00 -8.2163842360e-01  9.1812295440e-01  1.3597063573e+00  9.1388658830e-01 -7.8194603770e-01  5.0219344730e-01 -1.1540648620e-01  1.0661697538e+00  1.3740923890e+00 -8.2903917970e-01 -1.1679096334e+00  9.7061953750e-01 -1.0314948722e+00 -1.3175363156e+00  9.5608211560e-01  7.3001493980e-01 -1.0211194810e+00 -9.0847489790e-01 -1.4736452650e-01 -1.9810619162e+00 -1.0334979785e+00 -2.3001344710e-01
ENERGY -1.936740252800e+02

JOB 35
COORDS  1.5773207842e+00 -4.9799383840e-01  7.3348567000e-03  7.2488397160e-01  7.6804815600e-01  4.7012782400e-02  1.3275044362e+00 -1.1608187055e+00  8.3570400920e-01  2.6368877098e+00 -2.3438095180e-01  7.6611365300e-02  1.4237323959e+00 -1.0561129764e+00 -9.1924255210e-01  9.3684064490e-01  1.2925915452e+00  9.8523147890e-01 -7.8983628640e-01  5.0910514080e-01 -5.7065229700e-02  1.0257496021e+00  1.4502848791e+00 -7.5514914920e-01 -1.1352059292e+00  7.8471934730e-01 -1.0626381783e+00 -1.3389284368e+00  1.1375550578e+00  6.5643561120e-01 -1.0726022284e+00 -8.7514759570e-01  1.7989766270e-01 -1.8654473885e+00 -1.1021613349e+00 -3.3030258900e-01
ENERGY -1.936742507600e+02

JOB 36
COORDS  1.5458020174e+00 -5.0904371110e-01  1.2817279200e-02  7.1925810260e-01  7.7368088690e-01  3.8760064300e-02  1.3019128012e+00 -1.1450952245e+00  8.6357078830e-01  2.6123969172e+00 -2.6844933220e-01  4.7661177600e-02  1.3596356995e+00 -1.0882847659e+00 -8.9553717740e-01  9.6310855250e-01  1.3198783738e+00  9.5659693670e-01 -8.0488685460e-01  5.3455947360e-01 -1.8741953900e-02  1.0135896286e+00  1.4281077972e+00 -7.8931386860e-01 -1.1845997856e+00  8.1540835860e-01 -1.0088081888e+00 -1.3175373531e+00  1.1703673866e+00  7.1121395540e-01 -1.1484686916e+00 -8.3025254140e-01  2.5972008630e-01 -1.6093256338e+00 -1.1851855799e+00 -5.1410536070e-01
ENERGY -1.936734682200e+02

JOB 37
COORDS  1.5032832457e+00 -5.2526452060e-01  7.3329918000e-03  7.0545015000e-01  7.7609278030e-01  2.8045976100e-02  1.2407907198e+00 -1.1528807020e+00  8.5906078610e-01  2.5752382556e+00 -3.1231183870e-01  4.4535135400e-02  1.3134617284e+00 -1.1020924113e+00 -9.0342121500e-01  9.7260433390e-01  1.3247439570e+00  9.3774656590e-01 -8.2639082340e-01  5.6635797520e-01 -5.4488134000e-03  1.0048402403e+00  1.4143268560e+00 -8.1086108170e-01 -1.2284691419e+00  8.6834923820e-01 -9.8139961420e-01 -1.3111001262e+00  1.1939182407e+00  7.4633139020e-01 -1.2325419694e+00 -7.7496101000e-01  2.9028021480e-01 -1.2662530285e+00 -1.2605930174e+00 -5.4837952380e-01
ENERGY -1.936749848800e+02

JOB 38
COORDS  1.4602670131e+00 -5.4375164490e-01 -1.4151484200e-02  6.8480060460e-01  7.7180616420e-01  2.4409993500e-02  1.1783970267e+00 -1.1840564734e+00  8.2293191190e-01  2.5345673615e+00 -3.5141074490e-01  4.4588077900e-02  1.2850814303e+00 -1.0971643959e+00 -9.4386749310e-01  9.6592698280e-01  1.2983004481e+00  9.4286401220e-01 -8.5266633440e-01  5.9837050620e-01 -1.2023121400e-02  9.9683029070e-01  1.4151432146e+00 -8.0510347000e-01 -1.2382080423e+00  9.2328420280e-01 -9.8934995480e-01 -1.3311527097e+00  1.2222159452e+00  7.4504002500e-01 -1.3094282320e+00 -7.2809424060e-01  2.6202525380e-01 -9.2351002440e-01 -1.3089494777e+00 -4.1353526740e-01
ENERGY -1.936756920500e+02

JOB 39
COORDS  1.4383033086e+00 -5.5603945430e-01 -4.5087666900e-02  6.6625193460e-01  7.6040774350e-01  3.4511393200e-02  1.1805225077e+00 -1.2168556108e+00  7.8629156980e-01  2.5128292653e+00 -3.6505164680e-01  8.2098428000e-03  1.2557746830e+00 -1.0869839581e+00 -9.8636747570e-01  9.3862482940e-01  1.2457825225e+00  9.7780162190e-01 -8.7370680770e-01  6.1829929490e-01 -4.2591530500e-02  1.0002805892e+00  1.4311684830e+00 -7.6307973340e-01 -1.2151496316e+00  9.7780256100e-01 -1.0240485791e+00 -1.3562707055e+00  1.2419801170e+00  7.1347264320e-01 -1.3818198207e+00 -7.0270516880e-01  1.5862334900e-01 -7.1474753940e-01 -1.3321147350e+00 -1.5391953920e-01
ENERGY -1.936733087600e+02

JOB 40
COORDS  1.5935347819e+00 -4.9148391560e-01 -9.3838997000e-03  7.1843011790e-01  7.5875887450e-01  5.5316412500e-02  1.2961924371e+00 -1.2107984164e+00  7.5309727170e-01  2.6410728915e+00 -2.2074060480e-01  1.5207674900e-01  1.5144563557e+00 -9.8711278100e-01 -9.8014031680e-01  8.4822610930e-01  1.2117867699e+00  1.0447131168e+00 -7.7739844430e-01  4.8958414990e-01 -1.8651382230e-01  1.0671430922e+00  1.5022837260e+00 -6.6892044920e-01 -1.0601410511e+00  8.2521436950e-01 -1.1941132477e+00 -1.3830909167e+00  1.0632567652e+00  5.2625339880e-01 -1.0481852832e+00 -9.1298820410e-01 -7.3268666700e-02 -1.9593531861e+00 -1.0120705107e+00  2.4472862650e-01
ENERGY -1.936744895900e+02

JOB 41
COORDS  1.5940819047e+00 -4.9228158390e-01 -1.1153098000e-03  7.2450227870e-01  7.6261974110e-01  5.0192789900e-02  1.3213709580e+00 -1.1854746389e+00  7.9436004510e-01  2.6464693755e+00 -2.1838775160e-01  1.1832640390e-01  1.4833205052e+00 -1.0190077701e+00 -9.5182966250e-01  8.9441428240e-01  1.2536602897e+00  1.0146802820e+00 -7.8013194870e-01  4.9300384240e-01 -1.2018728410e-01  1.0466883365e+00  1.4759739464e+00 -7.1533612370e-01 -1.0985299147e+00  7.9488128670e-01 -1.1286466503e+00 -1.3590876885e+00  1.0921301860e+00  5.9592622820e-01 -1.0333967833e+00 -9.0340489230e-01  6.0705944300e-02 -1.9888114114e+00 -1.0380244980e+00 -5.3236315600e-02
ENERGY -1.936753618300e+02

JOB 42
COORDS  1.5757619794e+00 -4.8499263560e-01 -6.8451017200e-02  7.1828890580e-01  7.6744460910e-01  8.5177449100e-02  1.3289178238e+00 -1.2148580784e+00  7.0156004870e-01  2.6360685131e+00 -2.2905553290e-01  1.4832236200e-02  1.4183168782e+00 -9.6130027320e-01 -1.0408408819e+00  9.0939381840e-01  1.1913849670e+00  1.0778968807e+00 -7.8290332290e-01  5.0502863920e-01 -6.6581767200e-02  1.0125762721e+00  1.5363646216e+00 -6.3775067320e-01 -1.0562521589e+00  6.1383309950e-01 -1.1258480531e+00 -1.3645780242e+00  1.2456309608e+00  4.9858284530e-01 -1.0902250238e+00 -8.2362429720e-01  3.6863980340e-01 -1.8544745935e+00 -1.1301377547e+00 -1.4341665410e-01
ENERGY -1.936773160700e+02

JOB 43
COORDS  1.5401205317e+00 -4.9874742740e-01 -6.2824501000e-02  7.1370480800e-01  7.7558764620e-01  7.6552590400e-02  1.2839730960e+00 -1.2062488368e+00  7.2494187270e-01  2.6076858860e+00 -2.6975708970e-01  1.1502717000e-03  1.3612550695e+00 -9.9019317050e-01 -1.0248449582e+00  9.3433950630e-01  1.2183963525e+00  1.0547163952e+00 -7.9873470840e-01  5.3730010390e-01 -3.4508021500e-02  1.0100545327e+00  1.5206773665e+00 -6.7071377740e-01 -1.1063653517e+00  6.5029980100e-01 -1.0824161951e+00 -1.3487308234e+00  1.2869634897e+00  5.4532119170e-01 -1.1645645716e+00 -7.6730867370e-01  4.3502309560e-01 -1.5818503928e+00 -1.2412572491e+00 -2.9859617250e-01
ENERGY -1.936764224100e+02

JOB 44
COORDS  1.4954103926e+00 -5.1655633960e-01 -6.6673988000e-02  7.0014054760e-01  7.7858774980e-01  6.8129565200e-02  1.2167917770e+00 -1.2153687289e+00  7.2222720880e-01  2.5682122878e+00 -3.1849051510e-01  4.6527085000e-03  1.3155229530e+00 -1.0034324105e+00 -1.0320163409e+00  9.3673214890e-01  1.2199283952e+00  1.0429213199e+00 -8.2030410070e-01  5.7079061500e-01 -2.9593792700e-02  1.0113486085e+00  1.5097484358e+00 -6.8677203220e-01 -1.1490661685e+00  7.0724838250e-01 -1.0692447497e+00 -1.3478455779e+00  1.3134230253e+00  5.7442299980e-01 -1.2463041594e+00 -7.1109011880e-01  4.4542685310e-01 -1.2297544557e+00 -1.3190668546e+00 -3.0967220650e-01
ENERGY -1.936778345200e+02

JOB 45
COORDS  1.4545932158e+00 -5.3503589040e-01 -8.2802574500e-02  6.7883970640e-01  7.7075390640e-01  7.2386599200e-02  1.1831402020e+00 -1.2387250298e+00  7.0620011580e-01  2.5300496035e+00 -3.5274924640e-01 -1.6504508400e-02  1.2670478244e+00 -1.0098660359e+00 -1.0533934267e+00  9.1817496640e-01  1.1860601786e+00  1.0577786060e+00 -8.4573568810e-01  5.9980337430e-01 -4.6829924200e-02  1.0120447317e+00  1.5076203533e+00 -6.6656647450e-01 -1.1501674690e+00  7.6902544440e-01 -1.0911054853e+00 -1.3698883115e+00  1.3353615949e+00  5.6642717380e-01 -1.3278781299e+00 -6.7294446820e-01  3.8706855690e-01 -8.9933233410e-01 -1.3435812799e+00 -1.6885259780e-01
ENERGY -1.936784499200e+02

JOB 46
COORDS  1.4387182812e+00 -5.4626649200e-01 -1.1031427570e-01  6.5902792230e-01  7.5299044890e-01  8.5819119100e-02  1.2088327970e+00 -1.2707713676e+00  6.7593883080e-01  2.5133578983e+00 -3.5467394530e-01 -6.0852966000e-02  1.2340962310e+00 -1.0062305207e+00 -1.0835748485e+00  8.8268856640e-01  1.1258528976e+00  1.0918300157e+00 -8.6461130740e-01  6.1480218290e-01 -8.2775488800e-02  1.0149127794e+00  1.5154840178e+00 -6.1447452940e-01 -1.1203193120e+00  8.2565698690e-01 -1.1324118645e+00 -1.3891696192e+00  1.3501281068e+00  5.3225254200e-01 -1.4030461850e+00 -6.6108682950e-01  2.6676043780e-01 -7.2359310010e-01 -1.3301807249e+00  9.5610309300e-02
ENERGY -1.936759876900e+02

JOB 47
COORDS  1.6050005346e+00 -4.7247022870e-01 -8.6135122200e-02  7.0728359650e-01  7.4961254670e-01  8.9849382400e-02  1.3133345083e+00 -1.2612994855e+00  6.0620174330e-01  2.6486989656e+00 -2.0523999200e-01  1.0272690030e-01  1.5368426716e+00 -8.7646101510e-01 -1.1006683685e+00  8.1342661310e-01  1.1031882815e+00  1.1221353921e+00 -7.6941710340e-01  4.6455398760e-01 -1.8917146480e-01  1.0336908472e+00  1.5716286294e+00 -5.5672980050e-01 -9.8427631600e-01  6.3186499350e-01 -1.2549119067e+00 -1.4015365441e+00  1.1553400364e+00  3.8342954170e-01 -1.0621543362e+00 -8.9981795570e-01  1.3354636270e-01 -1.9900053306e+00 -9.4517583390e-01  4.1352876690e-01
ENERGY -1.936776859700e+02

JOB 48
COORDS  1.5985951280e+00 -4.7617037530e-01 -7.7657768600e-02  7.1589651630e-01  7.5822613980e-01  8.6985693600e-02  1.3335645726e+00 -1.2364304894e+00  6.5619613720e-01  2.6503041554e+00 -2.0760275570e-01  5.7890288600e-02  1.4867651858e+00 -9.1877295730e-01 -1.0717744775e+00  8.6434060330e-01  1.1498549666e+00  1.0999000716e+00 -7.7246410310e-01  4.7864343100e-01 -1.2486083440e-01  1.0229220091e+00  1.5536881862e+00 -6.0065519720e-01 -1.0210724422e+00  6.1326100740e-01 -1.1886538365e+00 -1.3807299303e+00  1.1927358152e+00  4.4751415240e-01 -1.0492677882e+00 -8.6976543150e-01  2.6128881990e-01 -1.9979551646e+00 -1.0219431758e+00  1.1763137870e-01
ENERGY -1.936785092200e+02

JOB 49
COORDS  1.5767737250e+00 -4.6831417850e-01 -1.4326505420e-01  7.1207129520e-01  7.5965226670e-01  1.1956162010e-01  1.3218678156e+00 -1.2679076071e+00  5.5162010050e-01  2.6369654619e+00 -2.2571722610e-01 -2.7697041800e-02  1.4277932387e+00 -8.4572906280e-01 -1.1605140090e+00  8.7690905360e-01  1.0939293359e+00  1.1506078194e+00 -7.7434659570e-01  4.9470175690e-01 -7.8117605000e-02  1.0019769120e+00  1.5943392395e+00 -5.2951045000e-01 -9.8530694040e-01  4.4070844260e-01 -1.1562312411e+00 -1.3719715612e+00  1.3190191101e+00  3.3502220440e-01 -1.1166748577e+00 -7.4550254540e-01  5.4847231830e-01 -1.8551340120e+00 -1.1333872699e+00  5.3906878800e-02
ENERGY -1.936805115500e+02

JOB 50
COORDS  1.5376839972e+00 -4.8392912780e-01 -1.3707747970e-01  7.0767201540e-01  7.7039190010e-01  1.1111153350e-01  1.2609735077e+00 -1.2637482099e+00  5.7243341670e-01  2.6050280787e+00 -2.7305617790e-01 -2.7645867100e-02  1.3775091859e+00 -8.7229802050e-01 -1.1491721295e+00  8.9645117590e-01  1.1197317397e+00  1.1329117972e+00 -7.9032428060e-01  5.3272002980e-01 -5.4225831700e-02  1.0081937194e+00  1.5850047429e+00 -5.5890132290e-01 -1.0341245351e+00  4.8314883410e-01 -1.1242803713e+00 -1.3601855520e+00  1.3666674736e+00  3.7197619240e-01 -1.1892755382e+00 -6.8033630600e-01  5.9783614610e-01 -1.5686808281e+00 -1.2685152982e+00 -7.1105337100e-02
ENERGY -1.936796507900e+02

JOB 51
COORDS  1.4932441608e+00 -5.0258980370e-01 -1.3723218160e-01  6.9324240360e-01  7.7232061870e-01  1.0871224530e-01  1.2072899171e+00 -1.2711605028e+00  5.8250373250e-01  2.5658631001e+00 -3.1906269170e-01 -3.3964578300e-02  1.3216479329e+00 -8.9396992680e-01 -1.1468998750e+00  8.8830244670e-01  1.1157297763e+00  1.1309007170e+00 -8.1164973950e-01  5.6702485650e-01 -5.8484664100e-02  1.0174936821e+00  1.5759665767e+00 -5.6346953950e-01 -1.0695769307e+00  5.4713525890e-01 -1.1271825480e+00 -1.3634732011e+00  1.3955714142e+00  3.9412355350e-01 -1.2747556004e+00 -6.2671367820e-01  5.8206600080e-01 -1.2167197615e+00 -1.3445639348e+00 -6.7281760900e-02
ENERGY -1.936808838700e+02

JOB 52
COORDS  1.4576712673e+00 -5.2087022020e-01 -1.4811611700e-01  6.7049129640e-01  7.5927343440e-01  1.1926275950e-01  1.2008148305e+00 -1.2940741411e+00  5.7998183940e-01  2.5326210195e+00 -3.4121939030e-01 -6.7902886900e-02  1.2642886623e+00 -9.1024979720e-01 -1.1545933529e+00  8.5878712210e-01  1.0747004444e+00  1.1516333281e+00 -8.3607648110e-01  5.9330005870e-01 -8.3809218300e-02  1.0220329865e+00  1.5688784464e+00 -5.3083685810e-01 -1.0617998669e+00  6.1464259530e-01 -1.1617775779e+00 -1.3834326478e+00  1.4159898534e+00  3.8160699290e-01 -1.3644993701e+00 -5.9822062920e-01  4.9894930580e-01 -9.0999975410e-01 -1.3464622825e+00  7.9404843800e-02
ENERGY -1.936812351700e+02

JOB 53
COORDS  1.4456681651e+00 -5.3134081260e-01 -1.7357847810e-01  6.4938607130e-01  7.3664606110e-01  1.3164576040e-01  1.2250918100e+00 -1.3324426058e+00  5.3864113240e-01  2.5185139748e+00 -3.3721385220e-01 -9.8829444100e-02  1.2438771392e+00 -9.0103258830e-01 -1.1845848496e+00  8.1868884030e-01  1.0105160677e+00  1.1795786615e+00 -8.5292389690e-01  6.0318125300e-01 -1.2141062150e-01  1.0220643100e+00  1.5685654923e+00 -4.7590156820e-01 -1.0312200551e+00  6.6575945920e-01 -1.2065070611e+00 -1.3964553693e+00  1.4277115280e+00  3.4760890620e-01 -1.4350469309e+00 -6.0153003920e-01  3.7634729990e-01 -7.5674106540e-01 -1.2931166514e+00  3.5079805380e-01
ENERGY -1.936788837800e+02

JOB 54
COORDS  1.6172954861e+00 -4.4973553180e-01 -1.6159220540e-01  6.9746988990e-01  7.3364597870e-01  1.2328424860e-01  1.3338733258e+00 -1.3057563617e+00  4.5090416570e-01  2.6576206094e+00 -1.9173158810e-01  5.5878824800e-02  1.5568561607e+00 -7.5160729040e-01 -1.2122147923e+00  7.8030906010e-01  1.0016067417e+00  1.1827961618e+00 -7.6037849050e-01  4.3250220560e-01 -1.8927770660e-01  1.0024421060e+00  1.6141268929e+00 -4.5461597740e-01 -9.1651853900e-01  4.3512661950e-01 -1.2785999916e+00 -1.4045440478e+00  1.2120022103e+00  2.3878410520e-01 -1.0861689494e+00 -8.5897300650e-01  3.3648891840e-01 -2.0273363432e+00 -8.5540932160e-01  5.7199596570e-01
ENERGY -1.936807174700e+02

JOB 55
COORDS  1.6050816045e+00 -4.5667130050e-01 -1.5267236960e-01  7.0828912950e-01  7.4637828440e-01  1.2202723350e-01  1.3456601154e+00 -1.2838464454e+00  5.0775636200e-01  2.6558810175e+00 -1.9747990590e-01  5.2141671000e-03  1.4944044519e+00 -8.0297096130e-01 -1.1853533056e+00  8.3288277670e-01  1.0509777212e+00  1.1674717975e+00 -7.6356476740e-01  4.5803759560e-01 -1.2916061240e-01  1.0016467444e+00  1.6037788054e+00 -4.9471494950e-01 -9.5049391110e-01  4.2979528160e-01 -1.2139798390e+00 -1.3857860671e+00  1.2589993665e+00  2.9501646750e-01 -1.0759655093e+00 -8.0861547720e-01  4.5421558910e-01 -2.0171125645e+00 -9.8258153700e-01  2.8801665720e-01
ENERGY -1.936815965000e+02

JOB 56
COORDS  1.5885261677e+00 -4.4968342810e-01 -1.9170690840e-01  7.0419474920e-01  7.4308220660e-01  1.5335291690e-01  1.2939494854e+00 -1.3201212465e+00  3.9611608110e-01  2.6407139403e+00 -2.3203800970e-01  1.1672981400e-02  1.4986264053e+00 -7.0747006660e-01 -1.2523835767e+00  8.2124387350e-01  9.9851675330e-01  1.2125391881e+00 -7.6627134940e-01  4.7585298650e-01 -1.1126131700e-01  1.0040747679e+00  1.6273924111e+00 -4.2224024940e-01 -9.1061823660e-01  2.5828708490e-01 -1.1795015608e+00 -1.3686338950e+00  1.3623059445e+00  1.3266288350e-01 -1.1717046193e+00 -6.3824185850e-01  6.9157299370e-01 -1.8831763347e+00 -1.1020911672e+00  2.2303512090e-01
ENERGY -1.936821878500e+02

JOB 57
COORDS  1.5449498778e+00 -4.6575820310e-01 -2.0794776190e-01  7.0231358340e-01  7.5469639670e-01  1.4353563730e-01  1.2401001332e+00 -1.3191025749e+00  4.0059241730e-01  2.6077179769e+00 -2.7951874070e-01 -3.1259875600e-02  1.4240749267e+00 -7.3484665170e-01 -1.2630918452e+00  8.5373199970e-01  1.0176537976e+00  1.1963010661e+00 -7.8311835130e-01  5.1909523300e-01 -7.6774299600e-02  1.0109999443e+00  1.6240423898e+00 -4.5067512220e-01 -9.7401216050e-01  3.1474038050e-01 -1.1390978151e+00 -1.3558859503e+00  1.4142334471e+00  1.9413452510e-01 -1.2337923137e+00 -5.7048140970e-01  7.4046676180e-01 -1.5861889256e+00 -1.2590656840e+00  1.5760783060e-01
ENERGY -1.936813702900e+02

JOB 58
COORDS  1.5053185469e+00 -4.8481994690e-01 -2.0337578890e-01  6.8622462910e-01  7.5331917160e-01  1.4560243590e-01  1.2034226761e+00 -1.3293309626e+00  4.2088789770e-01  2.5729668255e+00 -3.1520268600e-01 -4.1459255600e-02  1.3681339154e+00 -7.6483228140e-01 -1.2538217805e+00  8.3526898760e-01  1.0093846572e+00  1.1999672964e+00 -8.0448390190e-01  5.5333276940e-01 -8.9084554200e-02  1.0230527804e+00  1.6135869152e+00 -4.4663074370e-01 -1.0025503719e+00  3.8537638400e-01 -1.1575379312e+00 -1.3580508388e+00  1.4481689357e+00  2.1045887090e-01 -1.3293189266e+00 -5.1995679960e-01  7.0048618740e-01 -1.2490871569e+00 -1.3333430864e+00  1.7830469700e-01
ENERGY -1.936823651600e+02

JOB 59
COORDS  1.4755180912e+00 -5.0240410570e-01 -2.1105179090e-01  6.6172907380e-01  7.3567900440e-01  1.5708467020e-01  1.2030090870e+00 -1.3582639208e+00  4.1372672820e-01  2.5445679812e+00 -3.2832317430e-01 -6.4918379500e-02  1.3224891896e+00 -7.7850439640e-01 -1.2599593465e+00  7.9781176110e-01  9.6408152720e-01  1.2197137647e+00 -8.2824314850e-01  5.7656022160e-01 -1.1906266100e-01  1.0270888159e+00  1.6014855837e+00 -4.0866359990e-01 -9.9214316760e-01  4.5219730410e-01 -1.2012174276e+00 -1.3735965474e+00  1.4693176895e+00  1.9657148170e-01 -1.4221365736e+00 -5.0131366410e-01  6.0530762640e-01 -9.6522049000e-01 -1.3148251665e+00  3.3629183960e-01
ENERGY -1.936825977100e+02

JOB 60
COORDS  1.4640153801e+00 -5.1141923260e-01 -2.3883993180e-01  6.4036820430e-01  7.1120381450e-01  1.6361502410e-01  1.2036605559e+00 -1.4000468858e+00  3.4566348140e-01  2.5296001866e+00 -3.3215756490e-01 -7.4543178800e-02  1.3205237216e+00 -7.5017465710e-01 -1.2973078404e+00  7.5932086830e-01  9.0144099280e-01  1.2366667453e+00 -8.4395949570e-01  5.7909337520e-01 -1.5334489470e-01  1.0221992157e+00  1.5953306456e+00 -3.5998501860e-01 -9.6984307330e-01  4.8737913360e-01 -1.2435670403e+00 -1.3836460097e+00  1.4748500864e+00  1.6686185300e-01 -1.4778668385e+00 -5.2178861520e-01  4.9971305210e-01 -8.1343955490e-01 -1.2180073175e+00  6.1890349280e-01
ENERGY -1.936805404700e+02

JOB 61
COORDS  1.6401670060e+00 -4.2592190080e-01 -2.0851054460e-01  6.8730884750e-01  7.0697995810e-01  1.5945507370e-01  1.3538626216e+00 -1.3453145149e+00  3.0540956040e-01  2.6694513519e+00 -1.8064229940e-01  6.7977457800e-02  1.6168095333e+00 -6.1728702190e-01 -1.2861193937e+00  7.3202352140e-01  9.0244932820e-01  1.2360144330e+00 -7.5126818760e-01  3.9205435220e-01 -2.0548157800e-01  9.8151991080e-01  1.6318507521e+00 -3.5222158000e-01 -8.4148560520e-01  2.3095808210e-01 -1.2901450259e+00 -1.3961984473e+00  1.2409548278e+00  5.9674866500e-02 -1.1436985734e+00 -7.8808910630e-01  5.0518512910e-01 -2.0975337910e+00 -7.3220452530e-01  6.7260591770e-01
ENERGY -1.936818610800e+02

JOB 62
COORDS  1.6222748855e+00 -4.3592546070e-01 -2.0067746840e-01  6.9974101970e-01  7.2467769130e-01  1.5714139150e-01  1.3425189877e+00 -1.3304342565e+00  3.5779622380e-01  2.6640466827e+00 -1.9455594500e-01  2.8430503100e-02  1.5576241993e+00 -6.6789434170e-01 -1.2687530565e+00  7.8283036880e-01  9.5432231420e-01  1.2249425893e+00 -7.5523947130e-01  4.2917440270e-01 -1.5202802590e-01  9.9191060130e-01  1.6290274772e+00 -3.9026720360e-01 -8.7565678610e-01  2.3693968760e-01 -1.2293240437e+00 -1.3800070363e+00  1.2968166535e+00  1.0568503460e-01 -1.1336088519e+00 -7.1736746010e-01  6.1357913780e-01 -2.0654894368e+00 -9.0897740720e-01  4.1732643390e-01
ENERGY -1.936829893300e+02

