JOB 0
COORDS -9.4528733302e-01  8.6514677047e-01 -1.1801773883e-01 -7.2952730466e-01 -7.1224259553e-02  7.4361904570e-03  7.2952730466e-01  7.1224259552e-02  7.4361904520e-03  9.4528733307e-01 -8.6514677045e-01 -1.1801773882e-01
ENERGY -1.511738333946e+02

JOB 1
COORDS  9.3701807237e-01 -8.5087309074e-01 -2.3386554686e-01  7.2914822960e-01  6.2496845831e-02  1.4735655514e-02 -7.2914822962e-01 -6.2496845829e-02  1.4735655570e-02 -9.3701807205e-01  8.5087309070e-01 -2.3386554685e-01
ENERGY -1.511741642354e+02

JOB 2
COORDS  8.2758331654e-01  9.2359064357e-01 -3.4552106859e-01 -4.8193602293e-02  7.2887020192e-01  2.1770967182e-02  4.8193602293e-02 -7.2887020192e-01  2.1770969647e-02 -8.2758331654e-01 -9.2359064357e-01 -3.4552106649e-01
ENERGY -1.511745526828e+02

JOB 3
COORDS -9.0281639922e-01 -4.9781048488e-01 -7.7161485022e-01 -7.2799803505e-01  2.4410606869e-02  2.6701099386e-02  7.2757633196e-01  3.2338272007e-02 -2.9611298205e-02  9.0950913335e-01 -4.0283540454e-01  8.1780181737e-01
ENERGY -1.511747726229e+02

JOB 4
COORDS -8.8287735072e-01 -5.9289769662e-01 -7.2830999536e-01 -7.2672523550e-01  2.9190318632e-02 -1.8862082000e-05  7.2621254698e-01  3.9806917253e-02 -3.5194561660e-03  8.9101408958e-01 -5.0213850694e-01  7.8446567364e-01
ENERGY -1.511745587609e+02

JOB 5
COORDS  8.6694490834e-01 -7.1356966220e-01 -6.3573707309e-01  7.2489726047e-01 -3.1065215076e-02  4.0057216659e-02 -7.2489726055e-01  3.1065215099e-02  4.0057213871e-02 -8.6694490711e-01  7.1356966183e-01 -6.3573707703e-01
ENERGY -1.511736735118e+02

JOB 6
COORDS  8.4714187405e-01 -6.6479917956e-01 -7.1213947136e-01  7.2210261718e-01 -6.9262981064e-02  4.4871260815e-02 -7.2210261717e-01  6.9262981062e-02  4.4871260811e-02 -8.4714187409e-01  6.6479917959e-01 -7.1213947138e-01
ENERGY -1.511719988526e+02

JOB 7
COORDS -8.3276936711e-01  6.1439468552e-01 -7.7553718102e-01 -7.1703248093e-01  1.1403559539e-01  4.8865892860e-02  7.1703248094e-01 -1.1403559539e-01  4.8865892884e-02  8.3276936693e-01 -6.1439468544e-01 -7.7553718095e-01
ENERGY -1.511696202936e+02

JOB 8
COORDS  8.2564524268e-01 -5.6417125071e-01 -8.2502171837e-01  7.0869186262e-01 -1.6418606361e-01  5.1983868603e-02 -7.0869186262e-01  1.6418606361e-01  5.1983868589e-02 -8.2564524273e-01  5.6417125074e-01 -8.2502171838e-01
ENERGY -1.511668606841e+02

JOB 9
COORDS -8.2719696109e-01  5.1582631046e-01 -8.6009222496e-01 -6.9585483064e-01  2.1796554409e-01  5.4193629360e-02  6.9585483063e-01 -2.1796554408e-01  5.4193629324e-02  8.2719696131e-01 -5.1582631058e-01 -8.6009222506e-01
ENERGY -1.511642440948e+02

JOB 10
COORDS -8.3868206862e-01  4.7098792266e-01 -8.8042898594e-01 -6.7774424581e-01  2.7324994286e-01  5.5475030220e-02  6.7774424580e-01 -2.7324994285e-01  5.5475030109e-02  8.3868206879e-01 -4.7098792274e-01 -8.8042898595e-01
ENERGY -1.511623618164e+02

JOB 11
COORDS -8.5466268506e-01  4.2793449621e-01 -8.8763311577e-01 -6.5382504761e-01  3.2737372280e-01  5.5928955871e-02  6.5382504759e-01 -3.2737372279e-01  5.5928955810e-02  8.5466268536e-01 -4.2793449636e-01 -8.8763311589e-01
ENERGY -1.511616757707e+02

JOB 12
COORDS -8.7835750503e-01  3.8877451529e-01 -8.8079797925e-01 -6.2472683618e-01  3.7906268005e-01  5.5498280072e-02  6.2472683619e-01 -3.7906268005e-01  5.5498280117e-02  8.7835750485e-01 -3.8877451520e-01 -8.8079797918e-01
ENERGY -1.511623615291e+02

JOB 13
COORDS -9.0886868963e-01  3.5377201026e-01 -8.6001985776e-01 -5.9145349604e-01  4.2680223955e-01  5.4189069512e-02  5.9145349605e-01 -4.2680223956e-01  5.4189069578e-02  9.0886868940e-01 -3.5377201014e-01 -8.6001985768e-01
ENERGY -1.511642442939e+02

JOB 14
COORDS -9.4718927043e-01  3.2426971579e-01 -8.2469085410e-01 -5.5571361217e-01  4.6903083537e-01  5.1963022339e-02  5.5571361233e-01 -4.6903083533e-01  5.1963019765e-02  9.4718926798e-01 -3.2426971649e-01 -8.2469085137e-01
ENERGY -1.511668608242e+02

JOB 15
COORDS -1.9813571363e-01 -1.0157399677e+00 -7.7553719298e-01 -4.5118090597e-01 -5.6883689188e-01  4.8865893623e-02  4.5118090598e-01  5.6883689187e-01  4.8865893634e-02  1.9813571361e-01  1.0157399677e+00 -7.7553719299e-01
ENERGY -1.511696202936e+02

JOB 16
COORDS -1.0625931927e+00  1.7464362236e-01 -7.1213959674e-01 -5.3927732147e-01  4.8518912446e-01  4.4871268696e-02  5.3927732148e-01 -4.8518912446e-01  4.4871268728e-02  1.0625931926e+00 -1.7464362230e-01 -7.1213959673e-01
ENERGY -1.511719988526e+02

JOB 17
COORDS -1.1119037551e+00  1.5625253810e-01 -6.3573944281e-01 -5.1301367314e-01  5.1307298577e-01  4.0057364466e-02  5.1301367313e-01 -5.1307298577e-01  4.0057364445e-02  1.1119037552e+00 -1.5625253814e-01 -6.3573944283e-01
ENERGY -1.511736735209e+02

JOB 18
COORDS  1.1580010129e+00 -1.4117150684e-01 -5.4824822028e-01  4.9009645801e-01 -5.3620574442e-01  3.4544622029e-02 -4.9009645802e-01  5.3620574443e-01  3.4544622061e-02 -1.1580010127e+00  1.4117150676e-01 -5.4824822025e-01
ENERGY -1.511745587232e+02

JOB 19
COORDS -1.1996623216e+00  1.2953513740e-01 -4.5091921138e-01 -4.7175480504e-01  5.5507509514e-01  2.8412009649e-02  4.7175480505e-01 -5.5507509514e-01  2.8412009669e-02  1.1996623215e+00 -1.2953513735e-01 -4.5091921138e-01
ENERGY -1.511747726925e+02

JOB 20
COORDS  1.2343047079e+00 -1.2078773023e-01 -3.4553050745e-01  4.5738626229e-01 -5.6952639111e-01  2.1771563194e-02 -4.5738626230e-01  5.6952639112e-01  2.1771563235e-02 -1.2343047078e+00  1.2078773010e-01 -3.4553050745e-01
ENERGY -1.511745526741e+02

JOB 21
COORDS -1.2604747273e+00  1.1477796372e-01 -2.3390238195e-01 -4.4725090971e-01  5.7979268852e-01  1.4737976473e-02  4.4725090973e-01 -5.7979268853e-01  1.4737976501e-02  1.2604747271e+00 -1.1477796362e-01 -2.3390238193e-01
ENERGY -1.511741643946e+02

JOB 22
COORDS  1.2761231846e+00 -1.1098002277e-01 -1.1804469597e-01  4.4078454556e-01 -5.8601526848e-01  7.4378890100e-03 -4.4078454555e-01  5.8601526847e-01  7.4378889910e-03 -1.2761231848e+00  1.1098002294e-01 -1.1804469598e-01
ENERGY -1.511738332832e+02

JOB 23
COORDS -1.2820329964e+00  1.0997420719e-01 -3.6002690000e-06 -4.3902944082e-01  5.8805581158e-01  2.2685000000e-07  4.3902944082e-01 -5.8805581158e-01  2.2684900000e-07  1.2820329965e+00 -1.0997420720e-01 -3.6002670000e-06
ENERGY -1.511737061262e+02

