JOB 0
COORDS -9.4528733661e-01  8.6514677381e-01 -1.1801773929e-01 -7.2952730722e-01 -7.1224259852e-02  7.4361904910e-03  7.2952730721e-01  7.1224259853e-02  7.4361904790e-03  9.4528733676e-01 -8.6514677383e-01 -1.1801773929e-01
ENERGY -1.511738333946e+02

JOB 1
COORDS  9.3701807577e-01 -8.5087309397e-01 -2.3386554776e-01  7.2914823227e-01  6.2496846118e-02  1.4735655602e-02 -7.2914823228e-01 -6.2496846116e-02  1.4735655601e-02 -9.3701807573e-01  8.5087309393e-01 -2.3386554776e-01
ENERGY -1.511741642354e+02

JOB 2
COORDS  8.2758331976e-01  9.2359064722e-01 -3.4552106998e-01 -4.8193602466e-02  7.2887020481e-01  2.1770967260e-02  4.8193602466e-02 -7.2887020481e-01  2.1770969744e-02 -8.2758331976e-01 -9.2359064722e-01 -3.4552106778e-01
ENERGY -1.511745526827e+02

JOB 3
COORDS -9.0281640155e-01 -4.9781048687e-01 -7.7161485268e-01 -7.2799803723e-01  2.4410607009e-02  2.6701100103e-02  7.2757633413e-01  3.2338272108e-02 -2.9611298933e-02  9.0950913568e-01 -4.0283540623e-01  8.1780181999e-01
ENERGY -1.511747726229e+02

JOB 4
COORDS -8.8287735402e-01 -5.9289769899e-01 -7.2830999816e-01 -7.2672523896e-01  2.9190318766e-02 -1.8861985000e-05  7.2621255044e-01  3.9806917408e-02 -3.5194562800e-03  8.9101409287e-01 -5.0213850898e-01  7.8446567671e-01
ENERGY -1.511745587609e+02

JOB 5
COORDS  8.6694492453e-01 -7.1356966948e-01 -6.3573707734e-01  7.2489727259e-01 -3.1065221134e-02  4.0057213343e-02 -7.2489727244e-01  3.1065221119e-02  4.0057217198e-02 -8.6694492693e-01  7.1356966972e-01 -6.3573707276e-01
ENERGY -1.511736735118e+02

JOB 6
COORDS  8.4714187734e-01 -6.6479918220e-01 -7.1213947417e-01  7.2210261974e-01 -6.9262981324e-02  4.4871260996e-02 -7.2210261974e-01  6.9262981323e-02  4.4871260997e-02 -8.4714187737e-01  6.6479918223e-01 -7.1213947418e-01
ENERGY -1.511719988526e+02

JOB 7
COORDS  8.3276937015e-01 -6.1439468788e-01 -7.7553718403e-01  7.1703248345e-01 -1.1403559579e-01  4.8865893072e-02 -7.1703248345e-01  1.1403559579e-01  4.8865893070e-02 -8.3276937010e-01  6.1439468784e-01 -7.7553718400e-01
ENERGY -1.511696202936e+02

JOB 8
COORDS -5.6417125290e-01 -8.2564524577e-01 -8.2502172151e-01 -1.6418606423e-01 -7.0869186514e-01  5.1983868803e-02  1.6418606423e-01  7.0869186514e-01  5.1983868800e-02  5.6417125289e-01  8.2564524577e-01 -8.2502172151e-01
ENERGY -1.511668606841e+02

JOB 9
COORDS -8.2719696505e-01  5.1582631287e-01 -8.6009222811e-01 -6.9585483321e-01  2.1796554506e-01  5.4193629548e-02  6.9585483321e-01 -2.1796554506e-01  5.4193629545e-02  8.2719696508e-01 -5.1582631289e-01 -8.6009222812e-01
ENERGY -1.511642440948e+02

JOB 10
COORDS -8.3868207210e-01  4.7098792465e-01 -8.8042898931e-01 -6.7774424828e-01  2.7324994392e-01  5.5475030387e-02  6.7774424828e-01 -2.7324994392e-01  5.5475030382e-02  8.3868207209e-01 -4.7098792465e-01 -8.8042898930e-01
ENERGY -1.511623618164e+02

JOB 11
COORDS -8.5466268851e-01  4.2793449800e-01 -8.8763311925e-01 -6.5382504995e-01  3.2737372401e-01  5.5928956064e-02  6.5382504995e-01 -3.2737372402e-01  5.5928956065e-02  8.5466268848e-01 -4.2793449798e-01 -8.8763311924e-01
ENERGY -1.511616757707e+02

JOB 12
COORDS -8.7835750826e-01  3.8877451676e-01 -8.8079798271e-01 -6.2472683841e-01  3.7906268146e-01  5.5498280325e-02  6.2472683842e-01 -3.7906268146e-01  5.5498280320e-02  8.7835750819e-01 -3.8877451673e-01 -8.8079798266e-01
ENERGY -1.511623615291e+02

JOB 13
COORDS -9.0886869305e-01  3.5377201164e-01 -8.6001986103e-01 -5.9145349822e-01  4.2680224116e-01  5.4189069768e-02  5.9145349821e-01 -4.2680224116e-01  5.4189069757e-02  9.0886869308e-01 -3.5377201165e-01 -8.6001986103e-01
ENERGY -1.511642442939e+02

JOB 14
COORDS -9.4718927601e-01  3.2426971856e-01 -8.2469085824e-01 -5.5571360633e-01  4.6903083027e-01  5.1963021485e-02  5.5571360634e-01 -4.6903083027e-01  5.1963021322e-02  9.4718927593e-01 -3.2426971863e-01 -8.2469085811e-01
ENERGY -1.511668608242e+02

JOB 15
COORDS -1.0157399721e+00  1.9813571453e-01 -7.7553719590e-01 -5.6883689409e-01  4.5118090753e-01  4.8865893817e-02  5.6883689410e-01 -4.5118090753e-01  4.8865893821e-02  1.0157399720e+00 -1.9813571452e-01 -7.7553719588e-01
ENERGY -1.511696202936e+02

JOB 16
COORDS -1.0625931968e+00  1.7464362297e-01 -7.1213959948e-01 -5.3927732340e-01  4.8518912614e-01  4.4871268898e-02  5.3927732340e-01 -4.8518912614e-01  4.4871268887e-02  1.0625931969e+00 -1.7464362299e-01 -7.1213959950e-01
ENERGY -1.511719988526e+02

JOB 17
COORDS -1.1119037585e+00  1.5625253825e-01 -6.3573944551e-01 -5.1301367435e-01  5.1307298763e-01  4.0057364628e-02  5.1301367435e-01 -5.1307298763e-01  4.0057364633e-02  1.1119037585e+00 -1.5625253824e-01 -6.3573944550e-01
ENERGY -1.511736735209e+02

JOB 18
COORDS -1.4117150728e-01 -1.1580010172e+00 -5.4824822239e-01 -5.3620574673e-01 -4.9009646008e-01  3.4544622186e-02  5.3620574673e-01  4.9009646008e-01  3.4544622182e-02  1.4117150729e-01  1.1580010172e+00 -5.4824822239e-01
ENERGY -1.511745587232e+02

JOB 19
COORDS  1.1996623261e+00 -1.2953513778e-01 -4.5091921317e-01  4.7175480688e-01 -5.5507509744e-01  2.8412009780e-02 -4.7175480688e-01  5.5507509744e-01  2.8412009773e-02 -1.1996623261e+00  1.2953513780e-01 -4.5091921317e-01
ENERGY -1.511747726925e+02

JOB 20
COORDS  1.2343047126e+00 -1.2078773062e-01 -3.4553050876e-01  4.5738626412e-01 -5.6952639338e-01  2.1771563297e-02 -4.5738626413e-01  5.6952639338e-01  2.1771563303e-02 -1.2343047125e+00  1.2078773059e-01 -3.4553050875e-01
ENERGY -1.511745526740e+02

JOB 21
COORDS -1.1477796414e-01 -1.2604747322e+00 -2.3390238285e-01 -5.7979269090e-01 -4.4725091165e-01  1.4737976552e-02  5.7979269089e-01  4.4725091165e-01  1.4737976541e-02  1.1477796418e-01  1.2604747322e+00 -2.3390238284e-01
ENERGY -1.511741643946e+02

JOB 22
COORDS  1.2761231899e+00 -1.1098002336e-01 -1.1804469643e-01  4.4078454730e-01 -5.8601527065e-01  7.4378890290e-03 -4.4078454731e-01  5.8601527065e-01  7.4378890320e-03 -1.2761231898e+00  1.1098002334e-01 -1.1804469643e-01
ENERGY -1.511738332832e+02

JOB 23
COORDS  1.2820330014e+00 -1.0997420837e-01 -3.6002670000e-06  4.3902944221e-01 -5.8805581418e-01  2.2684900000e-07 -4.3902944221e-01  5.8805581418e-01  2.2685000000e-07 -1.2820330015e+00  1.0997420839e-01 -3.6002670000e-06
ENERGY -1.511737061262e+02

