JOB 0
COORDS -1.0045798739e+00 -3.2544522978e-01 -8.4661236402e-01 -6.4065787857e-01 -1.6382368662e-01  1.4222645764e-02  6.4227844156e-01 -1.5460530573e-01  1.4318959706e-03  1.0079593109e+00 -2.2212577788e-01  8.7395782229e-01
ENERGY  1.846225349092e-02
GRADIENT  2.8855207413e-06 -6.5962250495e-04  1.2703462948e-04 -2.7590942376e-05  6.5658232504e-04 -1.8267284257e-04  2.0244236111e-05  6.7163226546e-04  1.2142521112e-04  4.4611855230e-06 -6.6859208554e-04 -6.5786998030e-05

JOB 1
COORDS -9.9555516773e-01 -3.8082637776e-01 -8.3166938882e-01 -6.4091792784e-01 -1.0756726338e-01  4.4823862965e-03  6.4221149984e-01 -9.7873625657e-02  5.8654181806e-03  1.0002615957e+00 -2.7873273321e-01  8.6532158434e-01
ENERGY  1.886480300594e-02
GRADIENT -1.9196873994e-06 -1.0754840733e-03  3.5288500237e-04 -5.1582535148e-05  1.0660701136e-03 -5.3189830022e-04  3.6758194482e-05  1.1139273876e-03  4.2613280629e-04  1.6744028065e-05 -1.1045134279e-03 -2.4711950845e-04

JOB 2
COORDS -9.8158862657e-01 -4.3442068606e-01 -8.0951833448e-01 -6.4128387693e-01 -5.4085857760e-02 -1.0087181079e-02  6.4172007367e-01 -4.2968844467e-02  1.5228464113e-02  9.8715242983e-01 -3.3352461172e-01  8.4937705145e-01
ENERGY  1.940148890131e-02
GRADIENT  3.9703855013e-07 -1.1634939121e-03  5.5553045672e-04 -1.4267324604e-05  1.1491354012e-03 -8.3089659586e-04 -3.5358648519e-06  1.2285435525e-03  7.0871623578e-04  1.7406150905e-05 -1.2141850415e-03 -4.3335009665e-04

JOB 3
COORDS -9.6379857548e-01 -4.8375804912e-01 -7.8121770395e-01 -6.4088110836e-01 -3.5593756965e-03 -2.9775634642e-02  6.4121482064e-01  8.7909254319e-03  2.9596336489e-02  9.7046486320e-01 -3.8647350061e-01  8.2639700210e-01
ENERGY  1.995138499471e-02
GRADIENT -2.6781323914e-05 -1.0337026111e-03  6.4952049578e-04  4.1900882756e-05  1.0160255299e-03 -9.9280171417e-04 -5.7162634753e-05  1.1123127784e-03  8.8284395179e-04  4.2043075911e-05 -1.0946356973e-03 -5.3956273340e-04

JOB 4
COORDS -9.4390003719e-01 -5.2946454761e-01 -7.4761459620e-01 -6.4028369890e-01  4.2198334031e-02 -5.4493033447e-02  6.3923526448e-01  5.7316592129e-02  4.9452797687e-02  9.5094847161e-01 -4.3505037855e-01  7.9765483196e-01
ENERGY  2.045601611213e-02
GRADIENT -4.9945650289e-05 -8.5291883367e-04  7.2414290464e-04  1.1006134267e-04  8.3343314351e-04 -1.1092697933e-03 -1.2320367749e-04  9.4120349660e-04  1.0182195691e-03  6.3087985109e-05 -9.2171780644e-04 -6.3309268044e-04

JOB 5
COORDS -9.2334215722e-01 -5.6958169471e-01 -7.1013575529e-01 -6.3791568430e-01  8.3153429530e-02 -8.4274492227e-02  6.3628525655e-01  1.0094383814e-01  7.4940681073e-02  9.3097258496e-01 -4.7951557296e-01  7.6446956645e-01
ENERGY  2.094378738896e-02
GRADIENT -9.5081079359e-05 -7.7926953263e-04  8.6810836605e-04  1.7586852194e-04  7.5562062970e-04 -1.3384967348e-03 -1.8674975022e-04  8.8367539284e-04  1.2572533645e-03  1.0596230764e-04 -8.6002648991e-04 -7.8686499573e-04

JOB 6
COORDS -9.0420671847e-01 -6.0439754981e-01 -6.7038004296e-01 -6.3357085063e-01  1.1775448129e-01 -1.1874142335e-01  6.3111356103e-01  1.3923756439e-01  1.0599780361e-01  9.1266400808e-01 -5.1859449587e-01  7.2812366269e-01
ENERGY  2.149746011494e-02
GRADIENT -1.9351278243e-04 -8.1170835910e-04  1.1546317226e-03  3.4930660479e-04  7.8000583192e-04 -1.7976372958e-03 -3.6312857534e-04  9.5432162206e-04  1.7084981617e-03  2.0733475298e-04 -9.2261909487e-04 -1.0654925884e-03

JOB 7
COORDS -8.8881945956e-01 -6.3256124101e-01 -6.2988114467e-01 -6.2615759033e-01  1.4649512747e-01 -1.5775768313e-01  6.2332601698e-01  1.7147526430e-01  1.4200664807e-01  8.9765103291e-01 -5.5140915076e-01  6.9063217973e-01
ENERGY  2.218282493222e-02
GRADIENT -3.5231554057e-04 -8.1102644629e-04  1.5163962729e-03  5.9796888982e-04  7.6836307680e-04 -2.3829736813e-03 -6.0899885720e-04  9.9282278522e-04  2.2971281089e-03  3.6334550795e-04 -9.5015941573e-04 -1.4305507004e-03

JOB 8
COORDS -8.7856922345e-01 -6.5500179292e-01 -5.9039349037e-01 -6.1516611839e-01  1.6794062888e-01 -2.0061560888e-01  6.1186481121e-01  1.9726690925e-01  1.8212057414e-01  8.8787053064e-01 -5.7720574521e-01  6.5388852511e-01
ENERGY  2.298116993521e-02
GRADIENT -5.2503629614e-04 -6.5215124876e-04  1.7243302021e-03  8.7368515852e-04  6.0305709449e-04 -2.7296233822e-03 -8.8634269281e-04  8.7008370278e-04  2.6518466636e-03  5.3769383042e-04 -8.2098954852e-04 -1.6465534836e-03

JOB 9
COORDS -8.7541825058e-01 -6.7022299838e-01 -5.5299421322e-01 -5.9986497631e-01  1.8294337906e-01 -2.4562623465e-01  5.9661860183e-01  2.1637726597e-01  2.2482654721e-01  8.8466462506e-01 -5.9609764665e-01  6.1879390066e-01
ENERGY  2.376799439760e-02
GRADIENT -5.9489753222e-04 -3.6319765333e-04  1.5335546502e-03  9.8662498593e-04  3.1890310008e-04 -2.4418222522e-03 -9.9298187355e-04  5.5508979902e-04  2.3966182005e-03  6.0125441984e-04 -5.1079524577e-04 -1.4883505985e-03

JOB 10
COORDS -8.7926056159e-01 -6.7872396046e-01 -5.1958765291e-01 -5.8005559508e-01  1.9100242073e-01 -2.9117494977e-01  5.7722734884e-01  2.2875692838e-01  2.6926103140e-01  8.8908880782e-01 -6.0803538865e-01  5.8650157127e-01
ENERGY  2.435463926053e-02
GRADIENT -4.2956622806e-04 -8.6797559570e-05  8.9280735638e-04  6.9358044632e-04  6.0520192732e-05 -1.4358041347e-03 -6.9562695426e-04  1.9915373559e-04  1.4221953258e-03  4.3161273601e-04 -1.7287636876e-04 -8.7919854748e-04

JOB 11
COORDS -8.9097965499e-01 -6.8086821757e-01 -4.9062212278e-01 -5.5636394509e-01  1.9214429215e-01 -3.3583138270e-01  5.5335150328e-01  2.3438484573e-01  3.1351272576e-01  9.0099209680e-01 -6.1266092031e-01  5.5794077972e-01
ENERGY  2.457260095215e-02
GRADIENT -1.0189968033e-05 -6.1955101407e-06 -5.6857656578e-06  6.1873979760e-05  8.2212746292e-06  3.5925604851e-05 -6.3261084473e-05  6.3696734544e-06 -3.7435304229e-05  1.1577072746e-05 -8.3954379429e-06  7.1954650360e-06

JOB 12
COORDS -9.1027095561e-01 -6.7648528930e-01 -4.6661134284e-01 -5.2910297388e-01  1.8663427581e-01 -3.7797416902e-01  5.2611729476e-01  2.3266269801e-01  3.5630810193e-01  9.2025663473e-01 -6.1081168452e-01  5.3327740993e-01
ENERGY  2.435464032130e-02
GRADIENT  5.6947695275e-04 -1.7026025216e-04 -7.9760546576e-04 -9.0226099420e-04  1.9368772793e-04  1.3002019404e-03  9.0191958162e-04  6.8759557712e-05 -1.3131965856e-03 -5.6913554017e-04 -9.2187033479e-05  8.1060011096e-04

JOB 13
COORDS -9.3716803953e-01 -6.6497822686e-01 -4.4784074463e-01 -4.9928600819e-01  1.7500642744e-01 -4.1666806919e-01  4.9655099254e-01  2.2433531998e-01  3.9573991782e-01  9.4690305518e-01 -6.0136352055e-01  5.1276889600e-01
ENERGY  2.376799348348e-02
GRADIENT  1.0342588874e-03 -4.9025560360e-04 -1.2359153017e-03 -1.6678204635e-03  5.2466676051e-04  1.9947840165e-03  1.6602045538e-03  3.4355314517e-04 -2.0397495616e-03 -1.0266429777e-03 -3.7796430208e-04  1.2808808469e-03

JOB 14
COORDS -9.7012730431e-01 -6.4740753564e-01 -4.3406252535e-01 -4.6790282689e-01  1.5634814336e-01 -4.5073149748e-01  4.6595797040e-01  2.0885444990e-01  4.3149034934e-01  9.8007216080e-01 -5.8479505762e-01  4.9730367349e-01
ENERGY  2.298117091474e-02
GRADIENT  1.2250146855e-03 -7.8826353246e-04 -1.2458601699e-03 -1.9878726440e-03  8.2076701703e-04  1.9863167925e-03  1.9786627300e-03  6.3887714537e-04 -2.0615551082e-03 -1.2158047715e-03 -6.7138062994e-04  1.3210984855e-03

JOB 15
COORDS -1.0087302163e+00 -6.2317685102e-01 -4.2527123621e-01 -4.3695926232e-01  1.3109502455e-01 -4.7981736975e-01  4.3558636741e-01  1.8634091086e-01  4.6226060358e-01  1.0181031112e+00 -5.6125908439e-01  4.8582800237e-01
ENERGY  2.218282517333e-02
GRADIENT  1.1165530611e-03 -9.3067297336e-04 -9.8396730030e-04 -1.8028300171e-03  9.5622152071e-04  1.5663242169e-03  1.8010255962e-03  7.9970501027e-04 -1.6581841743e-03 -1.1147486402e-03 -8.2525355763e-04  1.0758272577e-03

JOB 16
COORDS -9.1032451112e-01  8.5741645564e-02 -7.0670927938e-01 -6.2823219693e-01 -5.7252040882e-01 -8.5288661473e-02  6.3638409499e-01 -5.5000631739e-01  1.3973382187e-01  9.0617261307e-01  1.7178508065e-01  6.9226411898e-01
ENERGY  2.149746011145e-02
GRADIENT -2.0746862200e-04  9.1931813025e-04  1.0683194634e-03  3.6325827978e-04 -9.5030920307e-04 -1.7113075314e-03 -3.4964296033e-04 -7.8441140294e-04  1.7949627789e-03  1.9385330255e-04  8.1540247575e-04 -1.1519747109e-03

JOB 17
COORDS -9.2881215511e-01  4.7455001710e-02 -7.4274589215e-01 -6.3329409543e-01 -5.3403579533e-01 -5.4410704105e-02  6.4086829027e-01 -5.1462304582e-01  1.0494748248e-01  9.2523796028e-01  1.3720383945e-01  7.3220911377e-01
ENERGY  2.094378770245e-02
GRADIENT -1.1266904947e-04  8.7184503434e-04  7.7272592356e-04  1.9074956931e-04 -8.9532510173e-04 -1.2428506841e-03 -1.6761820716e-04 -7.4685466309e-04  1.3471028284e-03  8.9537687321e-05  7.7033473048e-04 -8.7697806786e-04

JOB 18
COORDS -9.4853815232e-01  2.9641399301e-03 -7.7618309326e-01 -6.3644638655e-01 -4.9040526392e-01 -2.8797341339e-02  6.4303849079e-01 -4.7415352656e-01  7.5398037696e-02  9.4594604808e-01  9.6594650552e-02  7.6958239690e-01
ENERGY  2.045601610795e-02
GRADIENT -6.4710784110e-05  9.2141427421e-04  6.3336971184e-04  1.2481135407e-04 -9.4014559832e-04 -1.0185182999e-03 -1.0920392927e-04 -8.3539710167e-04  1.1079229677e-03  4.9103359307e-05  8.5412842578e-04 -7.2277437968e-04

JOB 19
COORDS -9.6754879859e-01 -4.5510483948e-02 -8.0491040799e-01 -6.3800072895e-01 -4.4182496336e-01 -8.7751619679e-03  6.4405630465e-01 -4.2843155494e-01  5.0711047835e-02  9.6649322290e-01  5.0767002244e-02  8.0297452212e-01
ENERGY  1.995138479760e-02
GRADIENT -3.8238480880e-05  1.0868476996e-03  5.5513884522e-04  7.4668834569e-05 -1.1037511593e-03 -8.9849544652e-04 -5.7278161606e-05 -1.0091738677e-03  1.0048778344e-03  2.0847807916e-05  1.0260773274e-03 -6.6152123314e-04

JOB 20
COORDS -9.8396617851e-01 -9.7958957904e-02 -8.2782261429e-01 -6.3865207632e-01 -3.8963173983e-01  5.9937188455e-03  6.4426344736e-01 -3.7835571011e-01  3.1405635220e-02  9.8435480747e-01  9.4640784673e-04  8.3142326022e-01
ENERGY  1.940149466820e-02
GRADIENT -1.0001641586e-05  1.2173329163e-03  4.2548247079e-04  7.3882137066e-05 -1.2300652191e-03 -6.8493259324e-04 -5.5125220402e-05 -1.1548049572e-03  8.0699611224e-04 -8.7552750780e-06  1.1675372600e-03 -5.4754598979e-04

JOB 21
COORDS -9.9721151169e-01 -1.5307375230e-01 -8.4396227539e-01 -6.3943721148e-01 -3.3455934806e-01  1.5493284151e-02  6.4361136731e-01 -3.2502701684e-01  1.7017251095e-02  9.9803735586e-01 -5.2339882807e-02  8.5345174015e-01
ENERGY  1.886479837747e-02
GRADIENT -6.5886883583e-06  1.1085160902e-03  2.2951318338e-04  2.8116096342e-05 -1.1162650975e-03 -3.8568835493e-04 -1.1102384781e-05 -1.0712138790e-03  4.9857778425e-04 -1.0425023202e-05  1.0789628863e-03 -3.4240261271e-04

JOB 22
COORDS -1.0054392688e+00 -2.1048624522e-01 -8.5291576427e-01 -6.3996452129e-01 -2.7840440092e-01  1.9682450264e-02  6.4284576612e-01 -2.6917391982e-01  7.1146665491e-03  1.0065580239e+00 -1.0793543404e-01  8.6811864746e-01
ENERGY  1.846226124406e-02
GRADIENT -4.0926140589e-06  6.6984470635e-04  5.0754836220e-05  9.6813906272e-05 -6.7153552002e-04 -9.8268239751e-05 -8.6575917186e-05 -6.5959466865e-04  1.6561708154e-04 -6.1453750272e-06  6.6128548232e-04 -1.1810367801e-04

JOB 23
COORDS -1.0081713882e+00 -2.6821031330e-01 -8.5373176103e-01 -6.4042310430e-01 -2.2088374218e-01  1.9270313680e-02  6.4242049732e-01 -2.1211648831e-01  1.7255549418e-03  1.0101739952e+00 -1.6478945621e-01  8.7473589241e-01
ENERGY  1.831187912671e-02
GRADIENT -1.3974533832e-06  3.9476336836e-09  2.8358303871e-07 -1.7100462512e-05 -2.4058818328e-07 -2.1901776361e-06  1.3493809028e-05 -2.0664836415e-07 -6.0403039866e-06  5.0041068664e-06  4.4328891375e-07  7.9468985840e-06

