JOB 0
COORDS  6.9008116010e-01  6.0881080600e-01 -6.3911327140e-01 -1.8496818240e-01  1.3957835127e+00  1.3582595740e-01 -1.4093433677e+00  7.6868953740e-01  4.3139985490e-01  1.0565613286e+00 -6.1323331350e-01 -3.6095962500e-02  2.3421313928e+00 -1.3427715628e+00 -3.5761968530e-01 -1.2871380240e+00 -6.1414014180e-01  7.2338591900e-01  5.9219407536e+00  1.0628022626e+00  9.8882923100e-02  4.9459174882e+00  1.0505829539e+00  1.1037978385e+00 -2.6629778400e-02 -1.2446377514e+00  6.3548462880e-01  3.7904359780e+00  2.8103796260e-01  9.5107810470e-01  3.5909705644e+00 -4.9094871100e-01 -2.0598323130e-01  4.5718647507e+00 -4.6886112990e-01 -1.2074826963e+00  5.7313619401e+00  3.0104985510e-01 -1.0577553050e+00  1.4387860632e+00  1.1242433578e+00 -1.2414244909e+00 -1.6998637510e-01  2.4751279191e+00 -1.4753152800e-02 -2.3037266391e+00  1.3258048148e+00  6.8603533230e-01  2.4152630577e+00 -2.2229548116e+00  2.9668663600e-01  2.3000057186e+00 -1.7328023787e+00 -1.3842594290e+00 -2.1409993524e+00 -1.1795105544e+00  1.0834281666e+00  6.8182792700e+00  1.6629279761e+00  2.1636723420e-01  5.0852260163e+00  1.6422048789e+00  2.0030126759e+00  9.8696699900e-02 -2.2463625826e+00  1.0377738363e+00  3.0281297866e+00  2.8344566100e-01  1.7237981525e+00  4.4250393853e+00 -1.0563149885e+00 -2.1094000763e+00  6.4793690188e+00  3.0832893330e-01 -1.8441333207e+00
ENERGY -5.024975626300e+02

JOB 1
COORDS  7.1251266630e-01  6.2257296360e-01 -7.0261524140e-01 -2.1027560040e-01  1.4634611805e+00 -6.3725152100e-02 -1.3618938724e+00  8.5028457290e-01  4.5991088740e-01  1.0306018504e+00 -5.8756651390e-01 -5.2716778100e-02  2.2976383942e+00 -1.3544678997e+00 -3.7534308560e-01 -1.2271009765e+00 -4.8339288670e-01  8.8773073160e-01  5.9260819564e+00  9.7213660450e-01  1.0734374430e-01  4.9815799315e+00  9.1213579350e-01  1.1404784945e+00  3.9404610000e-03 -1.1473470640e+00  7.3652029430e-01  3.8122293873e+00  1.6577643860e-01  9.7988609430e-01  3.5668740754e+00 -5.3510420200e-01 -2.1306330940e-01  4.5167211016e+00 -4.6627689910e-01 -1.2418177924e+00  5.6901217285e+00  2.8108949550e-01 -1.0846503590e+00  1.4555400893e+00  1.0641927087e+00 -1.3637381467e+00 -2.4673614720e-01  2.5135788407e+00 -3.4468168090e-01 -2.2466927429e+00  1.4277709555e+00  7.0475334690e-01  2.3468279211e+00 -2.2418478917e+00  2.7060834450e-01  2.2478227353e+00 -1.7314719136e+00 -1.4060944828e+00 -2.0510965423e+00 -9.8704591710e-01  1.3832130611e+00  6.8333208082e+00  1.5543863205e+00  2.3101396630e-01  5.1564688739e+00  1.4486107074e+00  2.0676498039e+00  1.4990861580e-01 -2.1210146809e+00  1.1960595165e+00  3.0742411860e+00  1.3191043140e-01  1.7753794150e+00  4.3348574811e+00 -9.9923996440e-01 -2.1708018867e+00  6.4137761481e+00  3.2516957670e-01 -1.8923616816e+00
ENERGY -5.025247156900e+02

JOB 2
COORDS  7.4295214650e-01  6.2724564680e-01 -7.4765532790e-01 -2.4786764740e-01  1.4793536479e+00 -2.4894838880e-01 -1.3269196613e+00  9.1569532060e-01  4.4953024700e-01  1.0163554272e+00 -5.7366147600e-01 -6.6119873600e-02  2.2713038769e+00 -1.3710028900e+00 -3.7257248400e-01 -1.1743458592e+00 -3.6886697200e-01  9.8822543650e-01  5.9223446630e+00  9.1595763840e-01  1.2645673540e-01  5.0051950749e+00  8.0755123180e-01  1.1802519654e+00  2.5458124400e-02 -1.0707326306e+00  7.9683475670e-01  3.8301008704e+00  7.1514090300e-02  1.0150390658e+00  3.5521388369e+00 -5.7147933130e-01 -2.0314059810e-01  4.4746157874e+00 -4.5469644760e-01 -1.2521527312e+00  5.6534791863e+00  2.8335391320e-01 -1.0906553590e+00  1.4845662484e+00  1.0153031249e+00 -1.4407458249e+00 -3.2601311640e-01  2.4915556203e+00 -6.3529090280e-01 -2.2070832991e+00  1.5076459035e+00  6.7747782840e-01  2.2984073524e+00 -2.2549800675e+00  2.7864347210e-01  2.2239500460e+00 -1.7512741484e+00 -1.4018532105e+00 -1.9665485755e+00 -8.0891194950e-01  1.5855795037e+00  6.8340632646e+00  1.4903033963e+00  2.5407716390e-01  5.2058978043e+00  1.2987283240e+00  2.1270937239e+00  1.7913069860e-01 -2.0234338833e+00  1.2958226867e+00  3.1127065001e+00  1.7699916000e-03  1.8270452013e+00  4.2673863535e+00 -9.4331535170e-01 -2.2000075757e+00  6.3559960711e+00  3.6467578170e-01 -1.9139963884e+00
ENERGY -5.025419155400e+02

JOB 3
COORDS  7.6925667250e-01  6.5255755060e-01 -7.3179334070e-01 -3.0762824800e-01  1.4553056406e+00 -3.4752159780e-01 -1.3218776123e+00  9.1762366840e-01  4.5694302320e-01  1.0120141018e+00 -5.6868788600e-01 -7.8888367300e-02  2.2667570689e+00 -1.3682512127e+00 -3.8698076490e-01 -1.1396039928e+00 -3.4016646200e-01  1.0404858576e+00  5.9226439601e+00  9.0337798140e-01  1.4421580870e-01  5.0074622091e+00  7.7859388690e-01  1.1979308635e+00  3.9993028100e-02 -1.0583247821e+00  8.0525933350e-01  3.8307571153e+00  4.7614984300e-02  1.0222308325e+00  3.5494510741e+00 -5.7451578970e-01 -2.0604371730e-01  4.4700879422e+00 -4.4121023900e-01 -1.2547093562e+00  5.6503954330e+00  2.9228840480e-01 -1.0830858840e+00  1.5141920265e+00  1.0390470135e+00 -1.4208275560e+00 -4.2717599690e-01  2.4416581764e+00 -7.8481045270e-01 -2.2103511026e+00  1.4999701830e+00  6.7805554990e-01  2.2886828929e+00 -2.2580088055e+00  2.5637034090e-01  2.2220386527e+00 -1.7393498367e+00 -1.4195920621e+00 -1.9018316951e+00 -7.5397198690e-01  1.6930055589e+00  6.8356128405e+00  1.4738869787e+00  2.7985349170e-01  5.2108600520e+00  1.2531393421e+00  2.1526514967e+00  1.9926268530e-01 -2.0129928173e+00  1.2985537130e+00  3.1145755632e+00 -3.4280624900e-02  1.8341471020e+00  4.2602862763e+00 -9.1358295110e-01 -2.2101895909e+00  6.3514095430e+00  3.8657788030e-01 -1.9063210666e+00
ENERGY -5.025514196200e+02

JOB 4
COORDS  7.9439433730e-01  6.7771287370e-01 -7.0485083760e-01 -3.5883153960e-01  1.4169333139e+00 -4.3329426200e-01 -1.3176900155e+00  9.2288345680e-01  4.6084909080e-01  1.0099899332e+00 -5.6667802070e-01 -8.8761876000e-02  2.2645831524e+00 -1.3666241697e+00 -3.9857882050e-01 -1.1108262590e+00 -3.1207809540e-01  1.0820976831e+00  5.9221536573e+00  8.9560813240e-01  1.5893003900e-01  5.0100986409e+00  7.5326054290e-01  1.2131435310e+00  4.7330035500e-02 -1.0500311284e+00  8.0827608670e-01  3.8327917054e+00  2.5351202200e-02  1.0289482392e+00  3.5481303660e+00 -5.7671688660e-01 -2.0853668830e-01  4.4654566840e+00 -4.2581565100e-01 -1.2577386284e+00  5.6461520293e+00  3.0503638490e-01 -1.0775520802e+00  1.5443184939e+00  1.0683826154e+00 -1.3856189036e+00 -5.1013297990e-01  2.3770722491e+00 -9.1622066430e-01 -2.2131084043e+00  1.4979669655e+00  6.7281160020e-01  2.2827130798e+00 -2.2610306834e+00  2.3825550470e-01  2.2221511211e+00 -1.7301111811e+00 -1.4339537084e+00 -1.8455293394e+00 -7.0056519260e-01  1.7801747379e+00  6.8355513082e+00  1.4637976154e+00  3.0129561060e-01  5.2163633551e+00  1.2119088219e+00  2.1749861311e+00  2.0486766850e-01 -2.0087402193e+00  1.2942187646e+00  3.1188492850e+00 -6.9662954900e-02  1.8413909967e+00  4.2528456480e+00 -8.8265480860e-01 -2.2201081773e+00  6.3446484626e+00  4.1309336880e-01 -1.9012237303e+00
ENERGY -5.025545230700e+02

JOB 5
COORDS  8.0691590650e-01  7.0579412910e-01 -6.7644183670e-01 -4.1007672540e-01  1.3703525144e+00 -5.0656957330e-01 -1.3084877386e+00  9.3456622360e-01  4.7735813800e-01  1.0061257648e+00 -5.6268996590e-01 -1.0387769290e-01  2.2587030086e+00 -1.3599517357e+00 -4.2655966070e-01 -1.0724696036e+00 -2.7717936090e-01  1.1341475984e+00  5.9232512566e+00  8.7881445730e-01  1.7803869020e-01  5.0036299822e+00  7.3031521770e-01  1.2247832685e+00  5.9107750900e-02 -1.0387554908e+00  8.1461549590e-01  3.8236399595e+00  1.0727793900e-02  1.0254848883e+00  3.5442126519e+00 -5.7719822940e-01 -2.1998308170e-01  4.4688925319e+00 -4.1990639910e-01 -1.2617896182e+00  5.6521399287e+00  3.0281053380e-01 -1.0663901528e+00  1.5545141097e+00  1.1028370544e+00 -1.3564040721e+00 -5.9329387670e-01  2.3013381341e+00 -1.0339989459e+00 -2.2080004742e+00  1.5043313817e+00  6.8619528190e-01  2.2733136953e+00 -2.2665686370e+00  1.9288571810e-01  2.2169378528e+00 -1.7029826863e+00 -1.4688389437e+00 -1.7720297691e+00 -6.3778729800e-01  1.8815114530e+00  6.8386166766e+00  1.4407368273e+00  3.3218766920e-01  5.2059805272e+00  1.1779784759e+00  2.1926068311e+00  2.1582337090e-01 -2.0014788983e+00  1.2928031552e+00  3.1035700202e+00 -8.8512215600e-02  1.8319202510e+00  4.2599469798e+00 -8.6539630870e-01 -2.2302467487e+00  6.3563067926e+00  4.1610318450e-01 -1.8844981086e+00
ENERGY -5.025516212000e+02

JOB 6
COORDS  8.1111570630e-01  7.3316507700e-01 -6.4775463960e-01 -4.6125360710e-01  1.3098009972e+00 -5.7789900230e-01 -1.3007596861e+00  9.5368562130e-01  4.8924504730e-01  1.0033649956e+00 -5.5842711300e-01 -1.2234709080e-01  2.2533480857e+00 -1.3527817155e+00 -4.5614000000e-01 -1.0320737488e+00 -2.3323295840e-01  1.1832119371e+00  5.9256510826e+00  8.5877312780e-01  2.0050861440e-01  4.9978470129e+00  7.0339087190e-01  1.2389626509e+00  7.0752466200e-02 -1.0215628521e+00  8.2122976580e-01  3.8147873541e+00 -6.3417338000e-03  1.0228717322e+00  3.5408344810e+00 -5.7791863030e-01 -2.3135736950e-01  4.4734720805e+00 -4.1331315670e-01 -1.2649164009e+00  5.6596601980e+00  2.9973831700e-01 -1.0527760115e+00  1.5534312677e+00  1.1394627136e+00 -1.3292231227e+00 -6.7400326070e-01  2.2060564375e+00 -1.1536885202e+00 -2.2035355370e+00  1.5195707153e+00  6.9358848590e-01  2.2631135402e+00 -2.2711750653e+00  1.4586973190e-01  2.2134173301e+00 -1.6752415893e+00 -1.5049745782e+00 -1.6918452577e+00 -5.6259462110e-01  1.9796054387e+00  6.8433568877e+00  1.4130894096e+00  3.6775223590e-01  5.1961231761e+00  1.1381808807e+00  2.2134670792e+00  2.2391885590e-01 -1.9866738329e+00  1.2957991640e+00  3.0881306624e+00 -1.1051401840e-01  1.8226759796e+00  4.2684317049e+00 -8.4574550030e-01 -2.2400789361e+00  6.3699845896e+00  4.1890731530e-01 -1.8646918754e+00
ENERGY -5.025423139600e+02

JOB 7
COORDS  8.0830051920e-01  7.5691179110e-01 -6.1587311760e-01 -5.0972957790e-01  1.2344444214e+00 -6.3956002340e-01 -1.2904552157e+00  9.8183303730e-01  5.0241104700e-01  1.0012838649e+00 -5.5821243500e-01 -1.4619300010e-01  2.2488838405e+00 -1.3473383644e+00 -4.9075117800e-01 -9.8660525410e-01 -1.8167453430e-01  1.2317657737e+00  5.9256208851e+00  8.3932943470e-01  2.2399112280e-01  4.9877463205e+00  6.7722620860e-01  1.2522819174e+00  8.3078390900e-02 -1.0021102200e+00  8.2878912360e-01  3.8026580451e+00 -2.3339437700e-02  1.0177449993e+00  3.5370941343e+00 -5.7927296790e-01 -2.4524041240e-01  4.4796417450e+00 -4.0735602920e-01 -1.2685335488e+00  5.6678691640e+00  2.9651884340e-01 -1.0381558237e+00  1.5409437067e+00  1.1771939845e+00 -1.3016878352e+00 -7.4776758790e-01  2.0905376570e+00 -1.2669314519e+00 -2.1947274000e+00  1.5461537583e+00  7.0243994440e-01  2.2537809448e+00 -2.2776952858e+00  9.2737166600e-02  2.2124779961e+00 -1.6478785813e+00 -1.5461529650e+00 -1.6013837457e+00 -4.7696694650e-01  2.0761367289e+00  6.8448166531e+00  1.3865618359e+00  4.0576239390e-01  5.1796675440e+00  1.0998287787e+00  2.2333904579e+00  2.2949665350e-01 -1.9680721729e+00  1.3039702413e+00  3.0679223708e+00 -1.3230084150e-01  1.8094068649e+00  4.2808202079e+00 -8.2737792670e-01 -2.2503522398e+00  6.3858360132e+00  4.2135459590e-01 -1.8424560614e+00
ENERGY -5.025253175500e+02

JOB 8
COORDS  7.9733712010e-01  7.7882432250e-01 -5.7144368920e-01 -5.5750954200e-01  1.1503274104e+00 -6.7394510810e-01 -1.2786264994e+00  1.0207867834e+00  5.2827889840e-01  1.0003516098e+00 -5.6128067380e-01 -1.7989538080e-01  2.2461544896e+00 -1.3413530810e+00 -5.3685050000e-01 -9.3529054410e-01 -1.2938133330e-01  1.2822166185e+00  5.9232001479e+00  8.1900278630e-01  2.4609528640e-01  4.9680891967e+00  6.5744841100e-01  1.2583929613e+00  9.6544081800e-02 -9.8373547260e-01  8.3422840540e-01  3.7819264053e+00 -3.3563101200e-02  1.0016541228e+00  3.5342855962e+00 -5.7977285360e-01 -2.6909357910e-01  4.4932698188e+00 -4.0846847670e-01 -1.2772599171e+00  5.6822888200e+00  2.8569891980e-01 -1.0234803167e+00  1.5122638415e+00  1.2264156090e+00 -1.2624200992e+00 -8.1454859330e-01  1.9631562298e+00 -1.3531732210e+00 -2.1840450651e+00  1.5825252933e+00  7.2739298250e-01  2.2472993319e+00 -2.2849685688e+00  2.5144114200e-02  2.2140208201e+00 -1.6168492217e+00 -1.5991868484e+00 -1.4996414232e+00 -3.9602759620e-01  2.1703139094e+00  6.8430136711e+00  1.3589183696e+00  4.4574099420e-01  5.1473029233e+00  1.0732120395e+00  2.2447926087e+00  2.3536045690e-01 -1.9501428880e+00  1.3111836400e+00  3.0334124370e+00 -1.4204591640e-01  1.7803044427e+00  4.3069963553e+00 -8.2117879370e-01 -2.2646352643e+00  6.4138151800e+00  4.1075045940e-01 -1.8154149717e+00
ENERGY -5.024983403300e+02

