JOB 0
COORDS -9.5344300872e-01  8.5655218171e-01  1.1157613647e-01  0.0000000000e+00  7.3314925892e-01 -1.3947017058e-02 -8.9961625142e-17 -7.3314925892e-01 -1.3947017058e-02  9.5344300872e-01 -8.5655218171e-01  1.1157613647e-01
ENERGY -1.511696672578e+02

JOB 1
COORDS  9.2832035181e-01 -8.6048275501e-01  2.2110461248e-01  2.9375224459e-17 -7.3198616492e-01 -2.7638076599e-02  8.8125673587e-17  7.3198616492e-01 -2.7638076599e-02 -9.2832035181e-01  8.6048275501e-01  2.2110461248e-01
ENERGY -1.511699934054e+02

JOB 2
COORDS -1.0076677071e+00 -7.2321846933e-01  3.2660439149e-01 -7.1915167529e-01  1.2667078498e-01 -4.0826032644e-02  7.1915165413e-01 -1.2667086382e-01 -4.0824968575e-02  1.0076678765e+00  7.2321909905e-01  3.2660361836e-01
ENERGY -1.511703764433e+02

JOB 3
COORDS -9.9794933447e-01 -6.7831888040e-01  4.2630740478e-01 -7.1881156265e-01  1.1771636611e-01 -5.3288550946e-02  7.1881188545e-01 -1.1771657461e-01 -5.3288211743e-02  9.9794674679e-01  6.7832054731e-01  4.2630669621e-01
ENERGY -1.511705937069e+02

JOB 4
COORDS -9.8757657096e-01 -6.2163091070e-01  5.1833026535e-01 -7.1890035855e-01  1.0674429007e-01 -6.4791912757e-02  7.1890045381e-01 -1.0674450280e-01 -6.4790574998e-02  9.8757578248e-01  6.2163261465e-01  5.1832963934e-01
ENERGY -1.511703801740e+02

JOB 5
COORDS -6.7621988925e-01  8.9651153822e-01  6.0108434365e-01  1.6497650463e-17  7.2553964603e-01 -7.5135542956e-02 -1.3010958985e-16 -7.2553964603e-01 -7.5135542956e-02  6.7621988925e-01 -8.9651153822e-01  6.0108434365e-01
ENERGY -1.511694974382e+02

JOB 6
COORDS -5.8109174025e-01  9.0793616272e-01  6.7314977363e-01  2.7322600957e-17  7.2555910387e-01 -8.4143721969e-02 -1.1220971533e-16 -7.2555910387e-01 -8.4143721969e-02  5.8109174025e-01 -9.0793616272e-01  6.7314977363e-01
ENERGY -1.511678257785e+02

JOB 7
COORDS -4.7613972558e-01  9.2006047035e-01  7.3306506157e-01 -1.9953784509e-17  7.2617847909e-01 -9.1633132828e-02 -7.1360427576e-17 -7.2617847909e-01 -9.1633132828e-02  4.7613972558e-01 -9.2006047035e-01  7.3306506157e-01
ENERGY -1.511654494430e+02

JOB 8
COORDS -3.6338027896e-01  9.3284128026e-01  7.7980230759e-01  6.6342513553e-17  7.2753789247e-01 -9.7475288713e-02 -1.7600308855e-16 -7.2753789247e-01 -9.7475288713e-02  3.6338027896e-01 -9.3284128026e-01  7.7980230759e-01
ENERGY -1.511626918201e+02

JOB 9
COORDS -2.4503257505e-01  9.4498784507e-01  8.1286579456e-01 -7.9672067308e-17  7.2924018609e-01 -1.0160822406e-01  3.0485024517e-17 -7.2924018609e-01 -1.0160822406e-01  2.4503257505e-01 -9.4498784507e-01  8.1286579456e-01
ENERGY -1.511600775556e+02

JOB 10
COORDS -1.2328688804e-01  9.5394642009e-01  8.3240612096e-01  7.0363546481e-17  7.3066158726e-01 -1.0405076538e-01 -1.8666966806e-16 -7.3066158726e-01 -1.0405076538e-01  1.2328688804e-01 -9.5394642009e-01  8.3240612096e-01
ENERGY -1.511581974099e+02

JOB 11
COORDS  5.6143652423e-18  9.5723790632e-01  8.3886654132e-01  1.1341558800e-18  7.3125717068e-01 -1.0485831753e-01 -8.6991517628e-17 -7.3125717068e-01 -1.0485831753e-01 -1.4126175700e-16 -9.5723790632e-01  8.3886654132e-01
ENERGY -1.511575130196e+02

JOB 12
COORDS  1.2329551997e-01  9.5383872199e-01  8.3246440451e-01  4.2864455416e-18  7.3078770601e-01 -1.0405805004e-01 -7.6495422011e-17 -7.3078770601e-01 -1.0405805004e-01 -1.2329551997e-01 -9.5383872199e-01  8.3246440451e-01
ENERGY -1.511581974309e+02

JOB 13
COORDS  2.4505606839e-01  9.4481850314e-01  8.1294373175e-01 -6.3771588062e-17  7.2941438057e-01 -1.0161796673e-01  2.4354085207e-17 -7.2941438057e-01 -1.0161796673e-01 -2.4505606839e-01 -9.4481850314e-01  8.1294373175e-01
ENERGY -1.511600775437e+02

JOB 14
COORDS  3.6339678663e-01  9.3274855786e-01  7.7983773599e-01 -1.8995103008e-18  7.2761757065e-01 -9.7479716866e-02 -8.2681377842e-17 -7.2761757065e-01 -9.7479716866e-02 -3.6339678663e-01 -9.3274855786e-01  7.7983773599e-01
ENERGY -1.511626917890e+02

JOB 15
COORDS  4.7610902590e-01  9.2016364399e-01  7.3301779548e-01  1.4341015476e-17  7.2599983952e-01 -9.1627224567e-02 -7.3784657794e-17 -7.2599983952e-01 -9.1627224567e-02 -4.7610902590e-01 -9.2016364399e-01  7.3301779548e-01
ENERGY -1.511654495570e+02

JOB 16
COORDS  5.8109182492e-01  9.0793614685e-01  6.7314987418e-01 -4.8607522590e-18  7.2555956955e-01 -8.4143734669e-02 -8.5642619525e-17 -7.2555956955e-01 -8.4143734669e-02 -5.8109182492e-01 -9.0793614685e-01  6.7314987418e-01
ENERGY -1.511678257778e+02

JOB 17
COORDS  6.7622040784e-01  8.9650991893e-01  6.0108480932e-01  1.3737467888e-16  7.2554169395e-01 -7.5135600636e-02 -3.0325368324e-16 -7.2554169395e-01 -7.5135600636e-02 -6.7622040784e-01 -8.9650991893e-01  6.0108480932e-01
ENERGY -1.511694974375e+02

JOB 18
COORDS  7.5991446007e-01  8.8563110875e-01  5.1831366454e-01  0.0000000000e+00  7.2673995706e-01 -6.4789208134e-02 -9.1797576698e-17 -7.2673995706e-01 -6.4789208134e-02 -7.5991446007e-01 -8.8563110875e-01  5.1831366454e-01
ENERGY -1.511703801827e+02

JOB 19
COORDS  8.3083011014e-01  8.7566951048e-01  4.2638221082e-01  0.0000000000e+00  7.2896442137e-01 -5.3297776088e-02 -8.8125673587e-17 -7.2896442137e-01 -5.3297776088e-02 -8.3083011014e-01 -8.7566951048e-01  4.2638221082e-01
ENERGY -1.511705935441e+02

JOB 20
COORDS  8.8734588565e-01  8.6710472252e-01  3.2671173452e-01 -3.6719030573e-18  7.3081724997e-01 -4.0838966788e-02 -8.4453770477e-17 -7.3081724997e-01 -4.0838966788e-02 -8.8734588565e-01 -8.6710472252e-01  3.2671173452e-01
ENERGY -1.511703765486e+02

JOB 21
COORDS  9.2852226459e-01  8.6063384033e-01  2.2115270303e-01  3.6719030573e-18  7.3236473285e-01 -2.7644087839e-02 -9.3633528253e-17 -7.3236473285e-01 -2.7644087839e-02 -9.2852226459e-01 -8.6063384033e-01  2.2115270303e-01
ENERGY -1.511699934615e+02

JOB 22
COORDS  9.5353347153e-01  8.5660101417e-01  1.1158672265e-01  0.0000000000e+00  7.3332637446e-01 -1.3948340318e-02 -8.9502637121e-17 -7.3332637446e-01 -1.3948340318e-02 -9.5353347153e-01 -8.5660101417e-01  1.1158672265e-01
ENERGY -1.511696672848e+02

JOB 23
COORDS -9.6194095103e-01  8.5463404209e-01  0.0000000000e+00  1.3769636452e-18  7.3335659576e-01  0.0000000000e+00 -9.1797576698e-17 -7.3335659576e-01  0.0000000000e+00  9.6194095103e-01 -8.5463404209e-01  0.0000000000e+00
ENERGY -1.511695418280e+02

