JOB 0
COORDS -9.7429026608e-01 -3.2948041862e-01 -8.5563294908e-01 -7.0725333282e-01 -1.5701585859e-01  5.6361688300e-02  7.0992594600e-01 -1.5215434756e-01 -4.0614263072e-02  9.7805765290e-01 -2.2567937523e-01  8.8421562385e-01
ENERGY -9.054548861948e+00

JOB 1
COORDS -9.6671281509e-01 -3.8907867181e-01 -8.3962378787e-01 -7.0747193225e-01 -9.7120403360e-02  4.4051443435e-02  7.0899136917e-01 -9.1421628724e-02 -3.4536533867e-02  9.7163327817e-01 -2.8670929611e-01  8.7443897830e-01
ENERGY -9.054213817846e+00

JOB 2
COORDS -9.5490368689e-01 -4.4591867332e-01 -8.1563889647e-01 -7.0718366077e-01 -3.9965409843e-02  2.6124050175e-02  7.0791247508e-01 -3.2536394850e-02 -2.2583325136e-02  9.6061477259e-01 -3.4590952198e-01  8.5642817143e-01
ENERGY -9.053721810661e+00

JOB 3
COORDS -9.3909517645e-01 -4.9900974390e-01 -7.8428310273e-01 -7.0627767638e-01  1.3297538972e-02  2.9311685136e-03  7.0627332062e-01  2.3589134664e-02 -4.8557575551e-03  9.4553953220e-01 -4.0220692974e-01  8.3053769177e-01
ENERGY -9.053102007443e+00

JOB 4
COORDS -9.1934484218e-01 -5.4758579524e-01 -7.4611262638e-01 -7.0480825832e-01  6.2639230829e-02 -2.5112858472e-02  7.0385241064e-01  7.5317302667e-02  1.8019440634e-02  9.2674058986e-01 -4.5470073826e-01  7.9753604421e-01
ENERGY -9.052305690243e+00

JOB 5
COORDS -8.9851825381e-01 -5.9072250223e-01 -7.0280962261e-01 -7.0241979483e-01  1.0646857076e-01 -5.8622098519e-02  7.0075443628e-01  1.2226934989e-01  4.6866855888e-02  9.0662351236e-01 -5.0234541841e-01  7.5889476524e-01
ENERGY -9.051208820220e+00

JOB 6
COORDS -8.7781130917e-01 -6.2780207242e-01 -6.5560651283e-01 -6.9893555193e-01  1.4417109520e-01 -9.7218105177e-02  6.9668091253e-01  1.6366484582e-01  8.1402788852e-02  8.8650574858e-01 -5.4436386859e-01  7.1575182916e-01
ENERGY -9.049682847066e+00

JOB 7
COORDS -8.6042122543e-01 -6.5813086669e-01 -6.0658211603e-01 -6.9379505670e-01  1.7492504495e-01 -1.4121044171e-01  6.9105337543e-01  1.9868122374e-01  1.2201939413e-01  8.6960260671e-01 -5.7980550201e-01  6.7010316361e-01
ENERGY -9.047706358965e+00

JOB 8
COORDS -8.5026585888e-01 -6.8111557549e-01 -5.5841801912e-01 -6.8516282978e-01  1.9800691087e-01 -1.9018860457e-01  6.8204431394e-01  2.2652599838e-01  1.6838379124e-01  8.5982407473e-01 -6.0774753376e-01  6.2455293245e-01
ENERGY -9.045457593425e+00

JOB 9
COORDS -8.4846483871e-01 -6.9666995180e-01 -5.1262957262e-01 -6.7181684513e-01  2.1335129587e-01 -2.4225149703e-01  6.6843389671e-01  2.4692105192e-01  2.1861235843e-01  8.5828748713e-01 -6.2793259598e-01  5.8059881122e-01
ENERGY -9.043320137173e+00

JOB 10
COORDS -8.5690087768e-01 -7.0515773634e-01 -4.7120293879e-01 -6.5333951878e-01  2.2131053435e-01 -2.9542318697e-01  6.4980087311e-01  2.6000836339e-01  2.7070386380e-01  8.6687932335e-01 -6.4049136140e-01  5.4025236195e-01
ENERGY -9.041773936209e+00

JOB 11
COORDS -8.7210707662e-01 -7.0686270700e-01 -4.3307126751e-01 -6.2898937102e-01  2.2239117952e-01 -3.4703766356e-01  6.2539836861e-01  2.6600783621e-01  3.2195496766e-01  8.8213787903e-01 -6.4586650873e-01  5.0248416342e-01
ENERGY -9.041208662387e+00

JOB 12
COORDS -8.9578347090e-01 -7.0176106783e-01 -3.9981750948e-01 -5.9952696944e-01  2.1651317197e-01 -3.9555371858e-01  5.9604301389e-01  2.6474662754e-01  3.7086644922e-01  9.0570722645e-01 -6.4382893168e-01  4.6883497884e-01
ENERGY -9.041773763815e+00

JOB 13
COORDS -9.2525148167e-01 -6.8997398065e-01 -3.7063442217e-01 -5.6630536421e-01  2.0419704017e-01 -4.3988146143e-01  5.6267251724e-01  2.5613987459e-01  4.1607773004e-01  9.3532402864e-01 -6.3469313411e-01  4.3876835356e-01
ENERGY -9.043320440751e+00

JOB 14
COORDS -9.6326424396e-01 -6.7118765515e-01 -3.4798076255e-01 -5.3087444588e-01  1.8438140219e-01 -4.7827853030e-01  5.2761107529e-01  2.4013754192e-01  4.5669778095e-01  9.7296721456e-01 -6.1766148897e-01  4.1389171190e-01
ENERGY -9.045457724045e+00

JOB 15
COORDS -1.0079713227e+00 -6.4520048596e-01 -3.3150771660e-01 -4.9591241620e-01  1.5737550405e-01 -5.1074652376e-01  4.9300090444e-01  2.1614647041e-01  4.9173908402e-01  1.0173225344e+00 -5.9265178849e-01  3.9484535634e-01
ENERGY -9.047706532743e+00

JOB 16
COORDS -8.8309977649e-01  1.1220488460e-01 -6.9381784717e-01 -6.9363111001e-01 -5.9555083337e-01 -5.9057857726e-02  7.0198510695e-01 -5.7659588238e-01  1.1962293121e-01  8.8118597955e-01  1.9561183115e-01  6.7758267369e-01
ENERGY -9.049682847076e+00

JOB 17
COORDS -9.0323651452e-01  7.0171059756e-02 -7.3693822742e-01 -6.9768550334e-01 -5.5413163515e-01 -2.4545469409e-02  7.0549067461e-01 -5.3891914323e-01  8.1006039674e-02  9.0187154325e-01  1.5854961862e-01  7.2480755716e-01
ENERGY -9.051208820236e+00

JOB 18
COORDS -9.2339351898e-01  2.2512923039e-02 -7.7555508554e-01 -7.0074427092e-01 -5.0714288614e-01  4.2749252118e-03  7.0791965523e-01 -4.9512800695e-01  4.7474758348e-02  9.2265833467e-01  1.1542787005e-01  7.6813530198e-01
ENERGY -9.052305691417e+00

JOB 19
COORDS -9.4214931197e-01 -2.9976194192e-02 -8.0845988274e-01 -7.0299260931e-01 -4.5531657711e-01  2.7214714885e-02  7.0946707068e-01 -4.4592826570e-01  1.9292434524e-02  9.4211495059e-01  6.6891036994e-02  8.0628273333e-01
ENERGY -9.053102035099e+00

JOB 20
COORDS -9.5726407736e-01 -8.6269175761e-02 -8.3422212063e-01 -7.0466811162e-01 -3.9956314625e-01  4.4824472671e-02  7.1038356610e-01 -3.9227912209e-01 -3.9946498231e-03  9.5798872288e-01  1.3781444101e-02  8.3772219778e-01
ENERGY -9.053721800172e+00

JOB 21
COORDS -9.6842367078e-01 -1.4547306970e-01 -8.5228963435e-01 -7.0577876332e-01 -3.4076532276e-01  5.6706342883e-02  7.1068916763e-01 -3.3501726539e-01 -2.1899303016e-02  9.6995336648e-01 -4.3074342148e-02  8.6181249448e-01
ENERGY -9.054213817611e+00

JOB 22
COORDS -9.7503707362e-01 -2.0650070771e-01 -8.6204645213e-01 -7.0650265883e-01 -2.7998252239e-01  6.2720108736e-02  7.1057806978e-01 -2.7517988646e-01 -3.4172671602e-02  9.7740176267e-01 -1.0266688344e-01  8.7782901500e-01
ENERGY -9.054548900082e+00

JOB 23
COORDS -9.7682191344e-01 -2.6822601219e-01 -8.6319061055e-01 -7.0704023970e-01 -2.1834000453e-01  6.2733035923e-02  7.1020276055e-01 -2.1383092054e-01 -4.0444956301e-02  9.8009939259e-01 -1.6393306275e-01  8.8523263093e-01
ENERGY -9.054669695034e+00

