JOB 0
COORDS  2.1052188502e-01  2.4896820377e-01 -1.8211825241e+00 -1.1346344833e+00  2.3713472505e-01 -1.4457201178e+00 -1.4847043520e+00  2.1919474337e-01 -8.9685739854e-02  1.2293183303e+00  2.4342170740e-01 -8.5268200620e-01  2.6850083722e+00  2.8878422826e-01 -1.3124940985e+00 -4.7853119150e-01  2.1316276601e-01  8.8036283752e-01  5.5665458263e+00 -4.2698461273e-01  1.8393270794e+00  5.2674175755e+00  8.8188717489e-01  1.4467368898e+00  8.6967612148e-01  2.2553558153e-01  5.0238258258e-01  4.3438191345e+00  1.1119731289e+00  4.2114673742e-01  3.7081310752e+00  4.1962267906e-02 -2.2673684636e-01  4.0142978472e+00 -1.2677904227e+00  1.7823629847e-01  4.9365452154e+00 -1.5027437729e+00  1.2016571555e+00  4.7719492985e-01  2.6053999662e-01 -2.8748307372e+00 -1.9079720341e+00  2.3946102396e-01 -2.2074027159e+00 -2.5291878123e+00  2.0837741540e-01  2.0419985472e-01  2.8186262270e+00 -4.4825779498e-01 -2.1155991838e+00  2.8755845175e+00  1.2698162613e+00 -1.7697532321e+00 -7.3922415119e-01  1.9802827420e-01  1.9339428500e+00  6.2838433627e+00 -6.0807011805e-01  2.6330507769e+00  5.7522237131e+00  1.7209144695e+00  1.9354878415e+00  1.6435886709e+00  2.1798944906e-01  1.2610351770e+00  4.1117514779e+00  2.1290816326e+00  1.1883737137e-01  3.5229047612e+00 -2.1032004808e+00 -3.1190264100e-01  5.1645360848e+00 -2.5208893282e+00  1.5005207859e+00
ENERGY -5.025537728560e+02
GRADIENT  2.5292870000e-04  4.5744320000e-04 -3.9497430000e-04  1.2394940000e-04 -9.9711000000e-06  1.7856160000e-04 -4.0903200000e-05  6.7050000000e-06 -2.2038900000e-05 -2.6137970000e-04 -5.2078570000e-04  2.8741460000e-04 -1.6401870000e-04 -4.2507580000e-04 -3.1191470000e-04  4.3165200000e-05  4.9867000000e-06 -4.5906000000e-05 -9.9085100000e-05  8.6101000000e-06 -1.0400950000e-04  6.1467200000e-05  1.3421020000e-04  5.8498200000e-05  1.7288000000e-05  1.2416500000e-05  2.4937190000e-04  3.2192100000e-05 -1.0857990000e-04  3.9885300000e-05 -1.1008700000e-05  4.3933880000e-04  2.9017200000e-05 -1.7621800000e-05  5.4841100000e-05  2.6612900000e-05  3.5077100000e-05 -8.8465600000e-05  3.9680400000e-05 -2.7612000000e-06 -7.5985000000e-06 -6.4346600000e-05  4.3098300000e-05 -1.4865000000e-06 -5.5903000000e-06 -1.5992000000e-06  5.1852000000e-06  6.9266000000e-06 -2.3400900000e-05  1.7129600000e-05 -2.5200000000e-05  1.2395000000e-05  7.8636000000e-06  1.4885000000e-05  6.3831000000e-06  7.7561000000e-06 -5.7027000000e-06 -1.3599100000e-05  1.4330300000e-05 -8.5470000000e-06  1.0112700000e-05  1.4503900000e-05  4.9137000000e-06 -1.6673100000e-05  2.9026000000e-06  3.8383300000e-05  5.1464000000e-06 -1.6446500000e-05  3.0800000000e-08  1.5252100000e-05  1.0054000000e-06  7.0925000000e-06 -6.4046000000e-06 -1.0818500000e-05  6.9559000000e-06

JOB 1
COORDS  2.1888161284e-01  1.3811205691e-01 -1.8080182249e+00 -1.1248633018e+00  3.7412686542e-02 -1.4379442492e+00 -1.4850668773e+00  8.4437968569e-02 -8.5910400300e-02  1.2247106065e+00  2.8755438482e-01 -8.3861830100e-01  2.6762802098e+00  4.4460415281e-01 -1.2819377164e+00 -4.9137467445e-01  2.3319000026e-01  8.8667340112e-01  5.5795673413e+00 -4.7991978129e-01  1.7967280041e+00  5.3599069396e+00  8.4782534362e-01  1.4175347359e+00  8.5356168915e-01  3.3446190899e-01  5.1338961773e-01  4.4272699612e+00  1.1464781555e+00  4.1710126765e-01  3.7038571152e+00  1.2635473860e-01 -2.1733220251e-01  3.9299545592e+00 -1.2041892459e+00  1.7458892673e-01  4.8605702399e+00 -1.5067807950e+00  1.1714285122e+00  4.9375869416e-01  9.7401948212e-02 -2.8586643667e+00 -1.8877354527e+00 -8.1629931293e-02 -2.2008660918e+00 -2.5274414016e+00  3.1511406908e-03  2.0439384128e-01  2.8434338382e+00 -1.9443501040e-01 -2.1590717695e+00  2.8288931649e+00  1.4768699226e+00 -1.6273993273e+00 -7.6036073707e-01  2.6908240025e-01  1.9376408232e+00  6.3027117358e+00 -7.1433558127e-01  2.5709767563e+00  5.9120579680e+00  1.6495594970e+00  1.8973247090e+00  1.6191432544e+00  4.4429815237e-01  1.2730300004e+00  4.2579083733e+00  2.1788715962e+00  1.2509952949e-01  3.3659293459e+00 -2.0004120903e+00 -3.0213176607e-01  5.0257265583e+00 -2.5396667858e+00  1.4609198633e+00
ENERGY -5.025540447343e+02
GRADIENT -8.3351900000e-05  7.2452160000e-04 -5.8338200000e-05 -8.9491000000e-06  1.1536000000e-06  3.1382000000e-06  4.2507700000e-05  6.3079000000e-06 -2.3879800000e-05  1.1159070000e-04 -7.9284210000e-04  1.2009860000e-04 -3.1801100000e-05 -5.7004380000e-04 -2.8208330000e-04 -4.2922000000e-06 -7.7680000000e-07  2.3149200000e-05  1.4425600000e-05 -1.0899000000e-05  1.9165900000e-05 -1.5630800000e-05 -2.1165500000e-05 -1.1700600000e-05  5.2858000000e-06 -2.2655000000e-06 -2.1849000000e-06  5.5536000000e-06  1.6987800000e-05  1.1459500000e-05 -2.5036500000e-05  6.3168940000e-04  1.9625850000e-04 -1.1511300000e-05 -2.3520000000e-07  3.2335000000e-06 -9.4190000000e-07  1.2007800000e-05 -3.6907000000e-06 -1.8149000000e-06  3.8620000000e-06 -9.5309000000e-06  6.3588000000e-06  6.3227000000e-06 -8.0862000000e-06  5.9267000000e-06  1.5257000000e-06 -3.1314000000e-06 -1.0969600000e-05  7.2571000000e-06 -4.2125000000e-06 -5.9880000000e-07  6.6781000000e-06  1.1155700000e-05  2.3807000000e-06 -1.8035000000e-06  7.7110000000e-07 -1.0120000000e-06 -6.3519000000e-06  4.9694000000e-06 -2.8045000000e-06 -7.8233000000e-06  5.3712000000e-06  5.9213000000e-06 -3.1621000000e-06  9.1745000000e-06  9.1000000000e-08  1.1524000000e-06  4.1017000000e-06  3.3800000000e-07 -1.2728000000e-06 -3.7743000000e-06 -1.6655000000e-06 -8.2450000000e-07 -1.4341000000e-06

JOB 2
COORDS  2.2393771494e-01 -2.6578713458e-02 -1.7608482173e+00 -1.1102535860e+00 -1.9646961310e-01 -1.3782471791e+00 -1.4807374769e+00 -3.4201088586e-02 -3.8669134128e-02  1.2068252065e+00  3.0933153313e-01 -8.1650367714e-01  2.6452636402e+00  5.3694224169e-01 -1.2654319773e+00 -5.0804092440e-01  2.9828173149e-01  9.1065867969e-01  5.6145098407e+00 -4.7449035615e-01  1.7262590727e+00  5.4504214830e+00  8.5421128242e-01  1.3241552265e+00  8.2533188740e-01  4.6882776171e-01  5.2498831083e-01  4.4943644013e+00  1.1809668357e+00  3.5457821460e-01  3.6914315824e+00  1.8914835683e-01 -2.2589119209e-01  3.8622727578e+00 -1.1427759899e+00  1.8914769248e-01  4.8156092631e+00 -1.4736407880e+00  1.1546402627e+00  5.0809161076e-01 -1.5814618404e-01 -2.8013809423e+00 -1.8560674991e+00 -4.5946815867e-01 -2.1217011598e+00 -2.5145857660e+00 -1.6939104086e-01  2.6186481228e-01  2.8219403744e+00 -4.8610915260e-02 -2.1773017798e+00  2.7674462505e+00  1.5903391261e+00 -1.5541726163e+00 -7.8579571901e-01  4.2262138891e-01  1.9525532211e+00  6.3546955821e+00 -7.3109341707e-01  2.4770424001e+00  6.0630746261e+00  1.6355206936e+00  1.7624775681e+00  1.5770738052e+00  7.1679390989e-01  1.2663435155e+00  4.3684132727e+00  2.2145145301e+00  4.5249812867e-02  3.2356545168e+00 -1.9169664411e+00 -2.4337131326e-01  4.9364030296e+00 -2.5073706691e+00  1.4624938360e+00
ENERGY -5.025542834444e+02
GRADIENT -2.3881200000e-05  3.9405200000e-04 -9.9665200000e-05 -1.0287700000e-05 -2.3865100000e-05 -4.2298500000e-05  4.1708400000e-05  5.0654000000e-06  9.8411000000e-06  2.6910200000e-05 -3.8250140000e-04  2.3245430000e-04 -1.9401230000e-04 -3.7001260000e-04 -3.2997920000e-04 -3.6362000000e-06 -1.7374500000e-05 -3.3953200000e-05  1.7080150000e-04 -3.7713800000e-05  1.6442090000e-04 -3.3474000000e-05 -3.0522700000e-05 -1.8038400000e-05  2.7880700000e-05  2.3955400000e-05  1.0502920000e-04  7.9597400000e-05 -2.7769150000e-04  8.9838600000e-05 -1.5026300000e-04  5.4614370000e-04 -4.6649900000e-05  7.4621300000e-05  2.2523800000e-04 -6.2150000000e-07 -1.7768700000e-05  2.6984200000e-05 -2.7068200000e-05 -3.9500000000e-06  6.3011000000e-06 -1.1718400000e-05 -1.4965000000e-06 -2.8142000000e-06 -6.7674000000e-06  7.7020000000e-07 -4.9247000000e-06 -1.1986000000e-05  1.5220700000e-05 -2.2954700000e-05 -2.4683200000e-05 -3.2845900000e-05 -3.1673600000e-05 -8.1077000000e-06  9.6005000000e-06 -7.3195000000e-06  2.0233000000e-06  1.9735300000e-05 -1.3260200000e-05  1.5072300000e-05  1.4065500000e-05 -2.6702700000e-05  2.1636200000e-05 -1.9338900000e-05 -1.6760000000e-06  9.9350000000e-06 -2.5104300000e-05 -5.4971600000e-05  5.0390000000e-07  5.5207000000e-06  6.6524900000e-05 -5.5407000000e-06  2.9626400000e-05  1.1714000000e-05  1.6322900000e-05

JOB 3
COORDS  1.0814581863e-01  8.1372395297e-01  1.4171866331e+00 -1.1789416911e+00  8.1992036446e-01  8.6830890129e-01 -1.4610940556e+00  5.0040093814e-02 -2.6459496122e-01  1.1297911601e+00  4.0643979212e-02  8.4580839073e-01  2.5160663590e+00  9.1460276694e-03  1.4727408345e+00 -4.4763078400e-01 -7.2351860877e-01 -8.4376330456e-01  5.7558047389e+00  7.1078179226e-02 -1.4060776144e+00  5.6407257015e+00 -9.9225478286e-01 -5.0611158401e-01  8.3686761902e-01 -7.2678160716e-01 -2.9365024504e-01  4.5938506662e+00 -1.0136869045e+00  4.2370784165e-01  3.6524214659e+00  2.3970196943e-02  4.6809235066e-01  3.7747269843e+00  1.0857910383e+00 -4.4490775200e-01  4.8176640828e+00  1.1114433491e+00 -1.3728729941e+00  3.2410789951e-01  1.4162803812e+00  2.2951095572e+00 -1.9560394537e+00  1.4274234899e+00  1.3212760959e+00 -2.4574253144e+00  5.5155733363e-02 -6.9440879359e-01  2.6119971821e+00  8.6627690455e-01  2.1525232039e+00  2.6085712504e+00 -8.8726473199e-01  2.1016585650e+00 -6.5751031482e-01 -1.3211172757e+00 -1.7252111255e+00  6.5654099667e+00  9.0292467319e-02 -2.1282343088e+00  6.3606876029e+00 -1.8041127786e+00 -5.2720886493e-01  1.6239034239e+00 -1.3161757177e+00 -7.5247031384e-01  4.5056137135e+00 -1.8416111145e+00  1.1212228019e+00  3.0400031870e+00  1.8848717164e+00 -4.2862794590e-01  4.8995508254e+00  1.9387725146e+00 -2.0705567607e+00
ENERGY -5.025544825016e+02
GRADIENT -1.0121190000e-04 -3.4704920000e-04  2.5966730000e-04  2.7579000000e-05 -2.4651300000e-05 -3.1768900000e-05 -6.0338300000e-05  1.3024500000e-05 -1.9611400000e-05  1.5010540000e-04  3.2850360000e-04 -3.7441430000e-04  1.7797200000e-05  2.8864730000e-04  1.3560990000e-04  2.0199700000e-05  6.7896000000e-06  1.9072600000e-05 -5.1803100000e-05  2.3450000000e-07  4.8027700000e-05  4.6362300000e-05 -5.7215300000e-05 -1.7799000000e-06 -1.3942400000e-05 -4.5840000000e-07 -9.5630000000e-07 -7.6007400000e-05 -1.4193800000e-05 -1.9718900000e-05  4.4525400000e-05 -3.0310690000e-04 -1.1612200000e-05  2.2608000000e-06  3.7405100000e-05  2.1114000000e-06  1.0098100000e-05  1.8993700000e-05 -2.2606800000e-05  4.5541000000e-06  3.8924000000e-06 -6.3688000000e-06  2.3997000000e-06 -5.5150000000e-07 -9.3245000000e-06 -5.6391000000e-06 -3.6962000000e-06 -7.7889000000e-06 -8.3884000000e-06  2.5579800000e-05 -3.2676800000e-05 -9.6151000000e-06  2.5773600000e-05  4.1131500000e-05 -6.4046000000e-06  2.7385000000e-06  1.5750000000e-06 -3.7695000000e-06 -9.0161000000e-06  8.9992000000e-06  2.4898000000e-06 -1.0480900000e-05  1.0047900000e-05 -3.2500000000e-08  5.9419000000e-06  5.8738000000e-06  6.5568000000e-06  5.1142000000e-06  8.3643000000e-06  5.8245000000e-06  6.6963000000e-06 -1.3110000000e-07 -3.6003000000e-06  1.0844000000e-06 -1.7222000000e-06

JOB 4
COORDS  1.6146693277e-01  9.5089425697e-01  1.2915103363e+00 -1.1047514463e+00  1.0287958918e+00  6.9946102485e-01 -1.4333572309e+00  1.7897955527e-01 -3.6089518973e-01  1.1130494355e+00  2.6958908515e-02  8.3687655026e-01  2.4823160147e+00 -6.9879334120e-02  1.4898305157e+00 -4.8834417719e-01 -7.4528788787e-01 -8.2504510935e-01  5.7712746012e+00  4.3583219180e-02 -1.3327058069e+00  5.6573412231e+00 -1.0204552632e+00 -4.3339727795e-01  7.7428497973e-01 -8.1896885768e-01 -2.3281032458e-01  4.5938422864e+00 -1.0584429183e+00  4.7667424899e-01  3.6344787156e+00 -3.6591512893e-02  5.0102240790e-01  3.7550194935e+00  1.0260833919e+00 -4.1094289874e-01  4.8151270895e+00  1.0678062116e+00 -1.3186921482e+00  4.1562002632e-01  1.6138479308e+00  2.1136640835e+00 -1.8278344850e+00  1.7521235255e+00  1.0627784911e+00 -2.4128327459e+00  2.3739756883e-01 -8.2419190006e-01  2.5885410383e+00  7.5306783528e-01  2.2090647096e+00  2.5445792499e+00 -9.9670158724e-01  2.0759226833e+00 -7.3561985511e-01 -1.4050797044e+00 -1.6506096303e+00  6.5934923568e+00  7.5318916103e-02 -2.0400360812e+00  6.3907620004e+00 -1.8204500163e+00 -4.4026818704e-01  1.5110163283e+00 -1.5242399973e+00 -6.0430441266e-01  4.5063965440e+00 -1.8869568408e+00  1.1736971496e+00  3.0056182082e+00  1.8114572948e+00 -4.1102145484e-01  4.8957828133e+00  1.8950449214e+00 -2.0166433069e+00
ENERGY -5.025545806876e+02
GRADIENT -1.4971370000e-04 -3.1254190000e-04 -2.9343680000e-04 -2.4312420000e-04  2.6884960000e-04  1.4509680000e-04  1.3140100000e-05 -1.7363000000e-05 -1.2528500000e-05  7.9575400000e-05  5.8424700000e-05 -1.6121500000e-05  1.3404610000e-04 -1.2490540000e-04  1.0096500000e-05  6.4351500000e-05  2.1529990000e-04  2.5460530000e-04 -3.2880500000e-05 -1.3786000000e-05  3.1436300000e-05  1.4394500000e-05 -6.1498000000e-06 -1.4981100000e-05  2.1936290000e-04 -1.9622360000e-04 -8.1765700000e-05 -1.5356980000e-04 -1.2353410000e-04  1.4571820000e-04  1.8126340000e-04  6.6928500000e-05 -2.1732180000e-04 -8.7858500000e-05  2.3880350000e-04 -6.2256900000e-05 -1.4451400000e-05 -7.7942200000e-05  6.2466800000e-05 -2.4993000000e-05 -1.9340000000e-05 -4.5304600000e-05 -4.7809600000e-05  2.5855400000e-05 -5.6080000000e-06 -1.1222200000e-05  4.0777900000e-05  3.2637900000e-05 -2.0379700000e-05  8.5520000000e-06 -3.8918000000e-05  2.9180500000e-05 -2.8330000000e-06  3.0186300000e-05  2.6109100000e-05  1.7216200000e-05  3.2712600000e-05  9.0710000000e-07 -1.6949300000e-05  5.9059000000e-06 -1.0803300000e-05 -1.3248600000e-05  1.5304800000e-05  4.0303500000e-05 -8.9575000000e-06  4.4819000000e-06  1.6331200000e-05 -3.2727300000e-05  1.8145000000e-05 -1.1670600000e-05  3.2499300000e-05 -1.1556800000e-05 -1.0488900000e-05 -6.7053000000e-06  1.1005600000e-05

JOB 5
COORDS  2.5499209963e-01  1.0743779179e+00  1.1921915564e+00 -9.9258615867e-01  1.2290498709e+00  5.7520974534e-01 -1.4067485974e+00  3.2196982059e-01 -4.0424906033e-01  1.1028281200e+00  1.4933243064e-02  8.4040043719e-01  2.4619772727e+00 -1.5394409176e-01  1.4960651637e+00 -5.6561995234e-01 -7.3925124812e-01 -7.6479583686e-01  5.7732421766e+00  1.0934653056e-02 -1.3013997639e+00  5.6779097632e+00 -1.0451481017e+00 -3.9034834816e-01  6.7870324823e-01 -8.8841007087e-01 -1.4917230500e-01  4.6062412774e+00 -1.1007585076e+00  5.0880224720e-01  3.6196066113e+00 -1.0464799904e-01  5.1129208870e-01  3.7219947092e+00  9.4967779157e-01 -4.1199104413e-01  4.7903131949e+00  1.0092227794e+00 -1.3094595820e+00  5.7397647204e-01  1.7804036254e+00  1.9535979622e+00 -1.6359446884e+00  2.0559825983e+00  8.5846486837e-01 -2.3726785327e+00  4.3937183374e-01 -8.8443572203e-01  2.5907685820e+00  6.3056965748e-01  2.2538357693e+00  2.4971070147e+00 -1.1091593580e+00  2.0358077084e+00 -8.7951111537e-01 -1.4458589780e+00 -1.5264655011e+00  6.6014524878e+00  5.5746397067e-02 -2.0010007864e+00  6.4319734506e+00 -1.8257090073e+00 -3.8040590859e-01  1.3367817062e+00 -1.7013263417e+00 -4.4046576078e-01  4.5332658477e+00 -1.9234114473e+00  1.2144122086e+00  2.9515610096e+00  1.7140028209e+00 -4.2996456945e-01  4.8556629262e+00  1.8296857243e+00 -2.0169864087e+00
ENERGY -5.025545835505e+02
GRADIENT -3.3801400000e-05  1.1405800000e-05 -1.3277290000e-04  2.0994600000e-05 -1.7478900000e-05 -6.8696000000e-06 -6.3440700000e-05  4.0967000000e-06 -2.5480900000e-05  3.5601200000e-05 -2.3746000000e-06  1.7447590000e-04  6.1970200000e-05 -1.2440060000e-04 -6.1184600000e-05  4.7040000000e-07 -9.2087000000e-06  2.4117000000e-06 -7.0705600000e-05 -1.1266300000e-05  5.3368800000e-05  5.1322900000e-05 -4.9349400000e-05 -2.7912000000e-06 -1.6353700000e-05  8.8976500000e-05  5.9609500000e-05 -6.0209000000e-06  2.6079000000e-06 -3.7085900000e-05  1.0681800000e-05  6.0546100000e-05  2.6381300000e-05  1.6291600000e-05  3.1556000000e-06  6.3977000000e-06  2.5444000000e-06  3.5118800000e-05 -3.8659500000e-05  6.4682000000e-06 -9.0581000000e-06 -1.5656800000e-05 -7.2046000000e-06 -3.3925000000e-06 -1.3947500000e-05 -7.2459000000e-06 -7.2523000000e-06 -3.8724000000e-06 -1.8695100000e-05  1.3563300000e-05 -2.2116000000e-05  3.3083400000e-05  1.1305600000e-05  1.7892800000e-05 -1.0016500000e-05 -2.3134000000e-06  7.9621000000e-06 -9.8972000000e-06 -7.2887000000e-06  2.8701000000e-06  4.2194000000e-06 -7.8505000000e-06  7.7672000000e-06 -1.0983000000e-06  1.1721000000e-05  1.9409700000e-05  8.4526000000e-06  5.3876000000e-06  3.7907000000e-06 -2.9570000000e-07  3.6051000000e-06 -1.0570500000e-05 -7.3250000000e-06 -2.5610000000e-07 -1.1329700000e-05

JOB 6
COORDS  3.4264629196e-01  1.1456544638e+00  1.0876848349e+00 -8.9112966167e-01  1.3481216010e+00  4.5717633938e-01 -1.3899172698e+00  3.9015104088e-01 -4.3020725263e-01  1.0917695171e+00 -1.3900892472e-02  8.4182289069e-01  2.4460124768e+00 -2.2526812509e-01  1.4916751858e+00 -6.4781688294e-01 -7.7083198820e-01 -6.8463052792e-01  5.7809233112e+00  3.3942226390e-02 -1.2741138905e+00  5.7042914098e+00 -1.0230238832e+00 -3.6207324854e-01  5.8301746454e-01 -9.6816484406e-01 -5.5468860360e-02  4.6236778775e+00 -1.1077401017e+00  5.2343319535e-01  3.6086484687e+00 -1.4013436415e-01  5.1229934856e-01  3.6919483245e+00  9.1472028740e-01 -4.1171252144e-01  4.7698425735e+00  1.0030491033e+00 -1.2959454205e+00  7.2619630741e-01  1.8905386585e+00  1.7791315320e+00 -1.4589789179e+00  2.2506468205e+00  6.5956257117e-01 -2.3458106405e+00  5.4415438172e-01 -9.1996717883e-01  2.5827945512e+00  5.2300211407e-01  2.2842698451e+00  2.4726615408e+00 -1.2041418677e+00  1.9862441119e+00 -1.0285253166e+00 -1.5183713844e+00 -1.3732308420e+00  6.6159601126e+00  1.0113885000e-01 -1.9637530988e+00  6.4797868677e+00 -1.7821004420e+00 -3.4140853584e-01  1.1632913294e+00 -1.8621229026e+00 -2.6395065653e-01  4.5652913271e+00 -1.9313953036e+00  1.2292779228e+00  2.9007415021e+00  1.6567782398e+00 -4.4253830809e-01  4.8199470615e+00  1.8236021597e+00 -2.0046373283e+00
ENERGY -5.025544491971e+02
GRADIENT  2.6623850000e-04  3.0116540000e-04 -4.4953190000e-04  4.6049500000e-05 -2.9476200000e-05  1.5778000000e-06 -5.3211000000e-05 -1.7413400000e-05 -2.9895300000e-05 -3.8350370000e-04 -2.2169730000e-04  7.0360830000e-04  5.6470900000e-05 -5.7073170000e-04 -3.2623430000e-04  7.7073000000e-06  4.6088700000e-05  2.7369500000e-05  9.7450000000e-07 -2.3336300000e-05  1.7504000000e-05  2.2258400000e-05  1.7057000000e-06 -2.0800200000e-05  1.7626100000e-05 -1.5036700000e-05  3.3260000000e-07 -2.8336000000e-05  6.8063000000e-06 -4.2740000000e-07  6.5876300000e-05  5.0139100000e-04  9.7380400000e-05 -1.5935000000e-06  3.3159000000e-06 -2.3741600000e-05 -1.7792700000e-05  1.0468300000e-05  6.7170000000e-07  2.3920000000e-07  6.2699000000e-06  4.0121000000e-06 -2.5941000000e-06 -6.2982000000e-06 -4.1085000000e-06 -4.1603000000e-06  5.0138000000e-06 -4.2162000000e-06 -9.3790000000e-07  6.2757000000e-06 -4.9261000000e-06  4.3662000000e-06  5.7057000000e-06 -2.6828000000e-06  1.7152000000e-06 -4.1510000000e-07  1.0548900000e-05 -5.1160000000e-06 -2.6950000000e-06 -5.1436000000e-06 -1.0196000000e-06 -3.3251000000e-06  4.1503000000e-06  6.8540000000e-07 -5.2396000000e-06  6.0273000000e-06  4.9667000000e-06  5.7303000000e-06  1.5191000000e-06  3.1558000000e-06  3.9000000000e-07  2.2047000000e-06 -6.4900000000e-08 -4.6621000000e-06 -5.1991000000e-06

JOB 7
COORDS  4.3391071622e-01  1.2211451319e+00  9.3917734666e-01 -7.7167911566e-01  1.4810225335e+00  2.7686834460e-01 -1.3626721328e+00  4.9439564731e-01 -5.1838372407e-01  1.0646797004e+00 -2.5922406713e-02  8.1744702393e-01  2.3991575718e+00 -2.9620924794e-01  1.4833682554e+00 -7.4032254854e-01 -7.5379495678e-01 -6.4740372946e-01  5.8164311936e+00  1.8934749105e-02 -1.1799415564e+00  5.7258079108e+00 -1.0379718870e+00 -2.6870535166e-01  4.6395220891e-01 -1.0083715128e+00  1.3055360282e-02  4.6181915261e+00 -1.1408999946e+00  5.8020497413e-01  3.5871658016e+00 -1.9066254145e-01  5.3413090067e-01  3.6836786208e+00  8.6370840179e-01 -3.8848563483e-01  4.7895434527e+00  9.6915886774e-01 -1.2361755267e+00  8.8763685471e-01  1.9890276681e+00  1.5594500138e+00 -1.2475645205e+00  2.4506147239e+00  3.8362906416e-01 -2.2976578717e+00  6.9340583497e-01 -1.0317282340e+00  2.5372322141e+00  4.1271302592e-01  2.3116337712e+00  2.3949015699e+00 -1.2964140250e+00  1.9326190931e+00 -1.1925135059e+00 -1.5250810988e+00 -1.2627304692e+00  6.6729440840e+00  9.9709813049e-02 -1.8412467394e+00  6.5127654221e+00 -1.7839231529e+00 -2.2101008973e-01  9.5069061874e-01 -1.9729030935e+00 -9.8159983195e-02  4.5506614310e+00 -1.9652627630e+00  1.2845179808e+00  2.8820781133e+00  1.5921711817e+00 -4.4896238452e-01  4.8482492738e+00  1.7897115023e+00 -1.9442290959e+00
ENERGY -5.025541423052e+02
GRADIENT  4.4990920000e-04  4.1166850000e-04 -6.9066330000e-04  1.6039200000e-04 -3.0821330000e-04 -6.5040000000e-06 -2.5472980000e-04  4.7396400000e-05 -1.6233590000e-04 -5.2296250000e-04 -7.8281300000e-05  1.2153200000e-03  1.2292900000e-04 -9.4298040000e-04 -6.4972340000e-04  3.3536000000e-06  2.3806700000e-05  2.4102500000e-05  4.4516460000e-04  4.0913200000e-05 -3.1839060000e-04 -3.5795270000e-04  3.3010890000e-04 -2.3314600000e-05 -1.3295200000e-05  1.5908930000e-04  4.2450100000e-05  6.0387400000e-05 -1.7227860000e-04  1.2556490000e-04  6.6578000000e-05  7.5755420000e-04  1.9681360000e-04 -1.0982650000e-04  6.3308400000e-05 -5.7556000000e-06 -4.1971000000e-05 -2.9465650000e-04  2.5283190000e-04  2.9241100000e-05 -2.0236000000e-05  1.4170300000e-05  4.0758000000e-06 -4.2605900000e-05 -1.4406300000e-05 -3.0518900000e-05 -1.2883200000e-05 -2.6836600000e-05  3.8446800000e-05 -1.6104200000e-05  9.1245000000e-06 -1.0547700000e-05 -1.2286800000e-05 -4.1980000000e-07 -1.9212200000e-05  2.0520200000e-05 -8.1870000000e-06  4.9663500000e-05  1.8563300000e-05 -4.0788800000e-05 -3.0168800000e-05  5.1036500000e-05 -1.9858500000e-05 -3.9321000000e-06  2.1302800000e-05  1.1552300000e-05 -2.1129000000e-05 -1.3603500000e-05  2.8205700000e-05 -3.4343400000e-05  9.9635000000e-06  2.4157800000e-05  2.0448400000e-05 -4.1102700000e-05  2.2890700000e-05

JOB 8
COORDS  4.3690272535e-01  9.4031472750e-01  9.9310909833e-01 -6.8629543790e-01  1.5286558596e+00  4.0450391170e-01 -1.3050761762e+00  9.1829081858e-01 -6.9280937512e-01  9.6059774460e-01 -2.6371451326e-01  4.9617429541e-01  2.1894747789e+00 -8.8586410667e-01  1.1245689774e+00 -7.9651055419e-01 -2.8538980539e-01 -1.1925817797e+00  6.0145137256e+00  3.0175274704e-01 -5.6508738870e-01  5.9093553017e+00 -4.9334893486e-02  7.8546772200e-01  3.2536718172e-01 -8.7272458320e-01 -5.9804006535e-01  4.6698639558e+00 -4.1351802896e-01  1.3196582168e+00  3.5171644841e+00 -4.3828584927e-01  5.1763346093e-01  3.6321333121e+00 -7.7495002711e-02 -8.3340544938e-01  4.8711184166e+00  2.8731028568e-01 -1.3707722352e+00  9.1865726702e-01  1.4178075656e+00  1.8411630253e+00 -1.0789261303e+00  2.4593081785e+00  8.0143069464e-01 -2.1774495788e+00  1.3735698111e+00 -1.1498950482e+00  2.2050255185e+00 -6.6658479515e-01  2.1986045922e+00  2.1183876598e+00 -1.9800838658e+00  1.0382645092e+00 -1.2748571440e+00 -7.6887437147e-01 -2.0382983482e+00  6.9744378898e+00  5.8772575575e-01 -9.8245576100e-01  6.7882287900e+00 -3.4247627056e-02  1.4223215880e+00  7.1182906773e-01 -1.8130907329e+00 -9.8056443432e-01  4.5933853948e+00 -6.8144997629e-01  2.3700153046e+00  2.7490085120e+00 -7.0798126779e-02 -1.4622373025e+00  4.9409273554e+00  5.6501798243e-01 -2.4178296609e+00
ENERGY -5.025536708098e+02
GRADIENT -7.6695220000e-04 -6.7190240000e-04  8.2354560000e-04  8.0910000000e-07  6.0648000000e-06  2.3007000000e-06  5.0868000000e-06 -2.8207000000e-06 -1.6579000000e-06  1.1016760000e-03  6.2659500000e-04 -1.5337990000e-03 -2.8646310000e-04  9.0604620000e-04  1.4508728000e-03 -3.8542000000e-06  1.2179000000e-06 -5.3192000000e-06  3.4021000000e-06 -1.9988000000e-06  4.5190000000e-06 -2.0700000000e-08 -5.3010000000e-07 -2.5766000000e-06  1.4873000000e-06  2.7954000000e-06  2.0145000000e-06 -1.9770000000e-06 -8.0577000000e-06  1.1674000000e-06 -5.1098300000e-05 -8.6565380000e-04 -7.4960350000e-04 -2.7530000000e-07  6.5520000000e-06 -1.2812000000e-06 -2.4836000000e-06 -2.8849000000e-06  3.0644000000e-06 -6.2500000000e-08  1.2400000000e-07 -1.0465000000e-06  6.0010000000e-07  2.5361000000e-06 -1.9566000000e-06  1.8034000000e-06  2.3819000000e-06 -1.8427000000e-06 -7.5892000000e-06  6.6635000000e-06 -6.9850000000e-07  4.8527000000e-06 -1.0876000000e-06  7.1418000000e-06  7.1520000000e-07  1.3098000000e-06 -2.1936000000e-06  7.3830000000e-07 -2.6875000000e-06  1.5052000000e-06 -1.0669000000e-06 -2.5696000000e-06  2.6959000000e-06 -7.4590000000e-07  1.2395000000e-06 -7.3340000000e-07 -5.0990000000e-07 -5.5950000000e-07  1.9872000000e-06  9.6400000000e-08 -8.2130000000e-07  2.1630000000e-07  1.8314000000e-06 -1.9521000000e-06  1.6778000000e-06

JOB 9
COORDS  5.2404562474e-01  9.1007374936e-01  9.0020340912e-01 -5.8889707492e-01  1.5245817575e+00  3.2048177914e-01 -1.2800971358e+00  8.9211587735e-01 -7.2056258387e-01  9.6404688048e-01 -3.4620370729e-01  4.5205648174e-01  2.1904175850e+00 -9.9300970786e-01  1.0627158916e+00 -8.5175156225e-01 -3.5969036302e-01 -1.1732721181e+00  5.9884043844e+00  4.6040611489e-01 -4.6417548648e-01  5.8443598963e+00  1.4508186369e-01  8.9098282241e-01  2.6126018164e-01 -9.7373314983e-01 -5.8747410626e-01  4.6136022767e+00 -3.0791345360e-01  1.3775016768e+00  3.5115830525e+00 -4.5690682004e-01  5.2147699520e-01  3.6647157037e+00 -1.3169895248e-01 -8.3557692226e-01  4.8933334836e+00  3.2134656676e-01 -1.3248560716e+00  1.0633213983e+00  1.4066815881e+00  1.7014704656e+00 -9.1784897706e-01  2.4945984972e+00  6.7930027702e-01 -2.1443097104e+00  1.3693556316e+00 -1.1707875376e+00  2.1777249632e+00 -8.5969477249e-01  2.1510149275e+00  2.1475087786e+00 -2.0771421794e+00  8.8621969689e-01 -1.3834998546e+00 -8.5948771784e-01 -1.9765725662e+00  6.9408576210e+00  8.1475882863e-01 -8.4459621215e-01  6.6850484193e+00  2.5589986317e-01  1.5685870251e+00  5.8807748558e-01 -1.9493170274e+00 -9.3594189425e-01  4.5056144550e+00 -5.4910676750e-01  2.4314228708e+00  2.8153438253e+00 -2.2285416511e-01 -1.5040941659e+00  4.9944027115e+00  5.7015557071e-01 -2.3765856766e+00
ENERGY -5.025540747124e+02
GRADIENT -3.3999100000e-04 -2.2394640000e-04  5.5478840000e-04  9.5724000000e-05 -2.6266420000e-04 -8.5556800000e-05 -2.1823740000e-04  1.3135580000e-04 -1.0393320000e-04  5.9438210000e-04  3.0906640000e-04 -8.1097410000e-04 -1.5438900000e-04  4.3563330000e-04  8.2444840000e-04  3.7438400000e-05  3.7208100000e-05  5.9113000000e-05 -1.9544800000e-05 -1.5693300000e-05  2.1656500000e-05  7.2768800000e-05  8.7417000000e-06  3.2363700000e-05  1.1064700000e-05  8.1377800000e-05  4.2925300000e-05  3.5806000000e-06  4.7100900000e-05 -6.0390100000e-05 -1.9219000000e-05 -4.2921330000e-04 -4.0684610000e-04 -2.5808300000e-05 -4.9014700000e-05 -7.0941400000e-05 -3.1251200000e-05 -1.6304700000e-05  4.8276500000e-05  2.2571000000e-05 -1.4472700000e-05  1.9752600000e-05  6.6110000000e-06 -2.5807300000e-05 -1.0422800000e-05 -2.6507300000e-05  1.3096300000e-05 -1.4342900000e-05  1.5677400000e-05 -4.4963900000e-05 -6.1688000000e-06  5.3260000000e-07 -2.5058000000e-06 -4.3457600000e-05 -1.5001800000e-05  3.2724200000e-05  8.6851000000e-06 -7.9100000000e-08 -9.7394000000e-06  2.8945000000e-06  1.1426700000e-05 -9.0687000000e-06 -2.6007000000e-06 -4.3166000000e-06  1.3015900000e-05  1.3774900000e-05  1.1502800000e-05 -6.4099000000e-06 -9.6072000000e-06 -2.0306000000e-05  2.1619000000e-06 -6.9566000000e-06 -8.6285000000e-06 -1.6781000000e-06  3.5193000000e-06

JOB 10
COORDS  5.9438915066e-01  9.2057898399e-01  6.8463504970e-01 -5.0807094002e-01  1.5157996561e+00  6.7697575425e-02 -1.2597646036e+00  8.0030793946e-01 -8.7369953644e-01  9.6365477062e-01 -3.9919687689e-01  3.7429223867e-01  2.1750063443e+00 -1.0277156912e+00  1.0343990208e+00 -9.0039984571e-01 -5.1279181398e-01 -1.1909011383e+00  5.9840454207e+00  5.9590230043e-01 -2.7172247771e-01  5.7636136940e+00  3.1269661850e-01  1.0799587631e+00  2.0413123704e-01 -1.1069346458e+00 -5.6832479808e-01  4.5301917228e+00 -1.9967060027e-01  1.4969993823e+00  3.5021220427e+00 -4.3931388350e-01  5.7308051272e-01  3.7307203451e+00 -1.4705222391e-01 -7.8140859267e-01  4.9619527523e+00  3.6434824038e-01 -1.2003203359e+00  1.1827441267e+00  1.4806806538e+00  1.4054859812e+00 -7.8215675422e-01  2.5354289205e+00  3.1902694299e-01 -2.1161947449e+00  1.2631439847e+00 -1.3529352626e+00  2.1026439066e+00 -9.1767075574e-01  2.1235685381e+00  2.1694224842e+00 -2.1082715116e+00  8.3491946468e-01 -1.4770534971e+00 -1.0749673572e+00 -1.9184892397e+00  6.9384169412e+00  9.9625440971e-01 -5.9789611667e-01  6.5468358686e+00  4.9438338747e-01  1.8091172805e+00  4.7965241487e-01 -2.1285215017e+00 -8.1427877523e-01  4.3621985958e+00 -4.1514253203e-01  2.5485782682e+00  2.9363691321e+00 -3.1047936950e-01 -1.5023201746e+00  5.1227957646e+00  5.8650180014e-01 -2.2505237318e+00
ENERGY -5.025543113023e+02
GRADIENT -1.3919260000e-04 -2.7795200000e-05  4.7010220000e-04  7.3101400000e-05 -1.8679280000e-04 -6.6507400000e-05 -4.7793500000e-05  2.2929300000e-05  1.8850000000e-07  3.3475220000e-04  1.0351090000e-04 -6.1584820000e-04 -8.2318600000e-05  3.4544960000e-04  5.7245940000e-04 -2.6351000000e-05 -4.9270100000e-05 -6.3057500000e-05  2.3041080000e-04  1.1461940000e-04 -1.1053800000e-04 -1.4833800000e-04 -3.6938300000e-05 -1.2751730000e-04 -9.3136500000e-05  5.8968300000e-05  6.5404000000e-05 -4.8018900000e-05 -8.5521000000e-05  1.4746870000e-04  1.6819500000e-04 -1.3532870000e-04 -3.3379130000e-04 -1.8321490000e-04 -1.5073400000e-05 -2.2990740000e-04 -5.1024200000e-05 -6.7874500000e-05  3.3901930000e-04  4.2253800000e-05  1.9895900000e-05  8.1201000000e-06  9.5811000000e-06 -2.1474600000e-05  3.4638000000e-06 -1.2955800000e-05 -1.6966500000e-05 -6.8772000000e-06 -1.9059500000e-05  1.8129800000e-05 -1.9376100000e-05  1.7337200000e-05 -1.3762300000e-05 -5.3209000000e-06 -1.7905800000e-05 -1.1345000000e-06  3.6560000000e-07  3.3530900000e-05  2.8302000000e-06 -1.0800900000e-05 -1.3042500000e-05  1.0383000000e-06 -2.5479600000e-05  4.1470000000e-07  1.1522200000e-05 -2.0399700000e-05 -4.4931000000e-06  4.9830000000e-06  2.8984100000e-05 -1.6148400000e-05 -2.9536700000e-05 -3.4195800000e-05 -6.5836000000e-06 -1.6408300000e-05  3.4041600000e-05

JOB 11
COORDS  7.9323266621e-01  9.7435129695e-01  6.7696157502e-01 -2.4731447799e-01  1.7704124537e+00  1.9418958714e-01 -1.1627441057e+00  1.2484749050e+00 -7.2948948798e-01  9.3660103353e-01 -3.5642167337e-01  2.4876633815e-01  2.0704323258e+00 -1.2131394399e+00  7.8395833037e-01 -1.0270479783e+00 -7.2934582960e-02 -1.1645584085e+00  6.0076141103e+00  3.8030770759e-01 -1.0069927146e-01  5.6624898084e+00  5.4343755964e-02  1.2140900269e+00  1.7017614671e-02 -8.6863156692e-01 -6.7703180023e-01  4.3907689018e+00 -4.5724314176e-01  1.4991656962e+00  3.4496188721e+00 -6.5092198423e-01  4.7822995462e-01  3.8047105844e+00 -3.1570483899e-01 -8.3927271286e-01  5.0729565155e+00  1.9319081072e-01 -1.1274942975e+00  1.5111127242e+00  1.3844508807e+00  1.3808568498e+00 -3.4487416840e-01  2.7964227789e+00  5.3450519323e-01 -1.9706215174e+00  1.8674602540e+00 -1.1057700939e+00  1.9671057063e+00 -1.3272632681e+00  1.8706178851e+00  1.9835509713e+00 -2.2219633855e+00  3.5908454468e-01 -1.7300049119e+00 -4.8500398641e-01 -1.8815643588e+00  6.9917481670e+00  7.7881847879e-01 -3.2450596367e-01  6.3779005938e+00  1.9972997101e-01  2.0172647590e+00  1.1869382173e-01 -1.8956936732e+00 -1.0161185309e+00  4.1254411498e+00 -7.0818642465e-01  2.5222920994e+00  3.0765525711e+00 -4.4396195129e-01 -1.6342235983e+00  5.3323246386e+00  4.4740358489e-01 -2.1503131180e+00
ENERGY -5.025544527665e+02
GRADIENT -3.2200650000e-04 -1.6806270000e-04  3.0372870000e-04 -4.4849000000e-06  1.4613500000e-05 -4.7839000000e-06 -5.5540300000e-05  4.8847900000e-05 -2.7452500000e-05  4.3491620000e-04  1.2270410000e-04 -6.4537530000e-04 -1.7623760000e-04  2.1947200000e-04  6.2915520000e-04  8.2689500000e-05  2.8072900000e-05  7.2462900000e-05  1.0943680000e-04  4.2529400000e-05 -2.8334400000e-05 -4.0357100000e-05 -4.7794000000e-06 -2.4626900000e-05  1.7392000000e-06 -6.3306200000e-05 -2.6763200000e-05  3.9137500000e-05 -1.0827200000e-05 -2.5468500000e-05 -1.9115000000e-06 -2.0776790000e-04 -3.3166430000e-04 -5.3129300000e-05 -4.0697000000e-06 -2.4388400000e-05 -2.5031700000e-05 -2.9233000000e-05  1.1701950000e-04 -7.0885000000e-06 -1.6927000000e-06 -8.9476000000e-06 -7.5406000000e-06  4.4855000000e-06 -1.3335300000e-05 -3.5143000000e-06  8.3450000000e-06 -9.3484000000e-06 -6.6035000000e-06  1.4353600000e-05 -5.8540000000e-07  1.3679200000e-05 -1.3941600000e-05  1.9321100000e-05  8.8763000000e-06  3.5997000000e-06  6.5155000000e-06  1.4937700000e-05  4.2383000000e-06  4.4240000000e-06  2.5168000000e-06  7.6006000000e-06 -8.5743000000e-06  1.0272700000e-05 -1.0456200000e-05  9.0250000000e-06 -8.5315000000e-06  9.6135000000e-06 -2.5086000000e-06 -7.8042000000e-06 -6.2257000000e-06  4.3002000000e-06  1.5794000000e-06 -8.1135000000e-06  1.6204700000e-05

JOB 12
COORDS  8.8058343427e-01  9.7606367927e-01  5.3613178675e-01 -1.7620446130e-01  1.7728830956e+00  9.0251671880e-02 -1.1868724839e+00  1.2209601602e+00 -7.0767644556e-01  9.4385184846e-01 -3.8599499300e-01  1.9676096945e-01  2.0872275750e+00 -1.2527242292e+00  6.9922251900e-01 -1.1303754046e+00 -1.3192026867e-01 -1.0554643573e+00  6.0082019056e+00  4.5606867275e-01 -1.4961502563e-02  5.6138133227e+00  1.2930860598e-01  1.2855479807e+00 -7.0215002604e-02 -9.2789293750e-01 -6.0572385032e-01  4.3472006923e+00 -4.2120839731e-01  1.5170510750e+00  3.4607289803e+00 -6.5258081127e-01  4.5599031312e-01  3.8655578765e+00 -3.1598109295e-01 -8.4708134108e-01  5.1284778013e+00  2.3141632640e-01 -1.0821982848e+00  1.6710955297e+00  1.4088738668e+00  1.1411857106e+00 -2.1113156620e-01  2.8234572682e+00  3.6073132660e-01 -2.0061500013e+00  1.8411487573e+00 -1.0563215009e+00  1.9651209075e+00 -1.4341121918e+00  1.7755550992e+00  2.0243077885e+00 -2.2358345158e+00  2.1462170728e-01 -1.9058534148e+00 -5.6727797656e-01 -1.6776929794e+00  6.9887606911e+00  8.8341657732e-01 -1.9737734241e-01  6.2871014810e+00  3.0275458915e-01  2.1189726096e+00 -2.8121976354e-02 -1.9783141475e+00 -8.7971125757e-01  4.0437330124e+00 -6.7405195854e-01  2.5289995174e+00  3.1795642179e+00 -4.7526854752e-01 -1.6734382258e+00  5.4268630548e+00  4.8510787443e-01 -2.0944343529e+00
ENERGY -5.025545402094e+02
GRADIENT  4.2825000000e-05  2.6644900000e-05 -6.3509100000e-05  6.4230000000e-06 -2.2670000000e-06  1.9864000000e-06 -3.9110000000e-06 -4.6136000000e-06 -3.4136000000e-06 -6.5420000000e-05 -1.7837400000e-05  1.1389140000e-04  2.7269800000e-05 -2.9216400000e-05 -1.1341880000e-04 -2.1414000000e-06  8.0465000000e-06  4.0086000000e-06 -7.0313000000e-06 -1.5757000000e-06 -2.4057300000e-05 -1.3107900000e-05 -8.8800000000e-06  1.2504200000e-05  1.0663000000e-06 -3.4960000000e-06  5.5068000000e-06  2.0724600000e-05  9.7519000000e-06  4.2942000000e-06 -9.2101000000e-06  2.9750800000e-05  4.7418500000e-05 -1.5605800000e-05 -7.7220000000e-06  1.4418100000e-05  1.9391300000e-05  4.1280000000e-06  3.7887000000e-06  2.5344000000e-06  1.8051000000e-06 -6.1540000000e-07  9.4910000000e-07  1.8153000000e-06 -2.4081000000e-06  3.8060000000e-07  1.0424000000e-06  9.1550000000e-07 -6.0620000000e-07  7.9330000000e-07  2.2078000000e-06 -1.6891000000e-06  3.6640000000e-07  3.1462000000e-06 -5.0110000000e-07 -1.4633000000e-06  3.5334000000e-06  7.4750000000e-07 -2.6801000000e-06 -5.0620000000e-07  3.4781000000e-06  1.9069000000e-06 -4.4361000000e-06 -2.4849000000e-06 -7.4380000000e-07  3.0891000000e-06 -1.4064000000e-06  1.1284000000e-06 -1.5003000000e-06  1.4104000000e-06 -1.6969000000e-06 -2.7706000000e-06 -4.0848000000e-06 -4.9876000000e-06 -4.0732000000e-06

JOB 13
COORDS  9.5683419201e-01  9.7401147571e-01  3.9616415666e-01 -1.1630803578e-01  1.7747970832e+00 -3.8714940448e-03 -1.2111377712e+00  1.2067436010e+00 -6.6655873969e-01  9.5125433782e-01 -4.0813607144e-01  1.4627078332e-01  2.1045394027e+00 -1.2898947966e+00  6.0342715169e-01 -1.2233803364e+00 -1.6740497206e-01 -9.2670180569e-01  6.0090540238e+00  5.1723676854e-01  6.4068229305e-02  5.5677060339e+00  1.7697693955e-01  1.3458716177e+00 -1.4777331993e-01 -9.6628933815e-01 -5.2360575890e-01  4.3074122944e+00 -4.0790870266e-01  1.5216965894e+00  3.4730158991e+00 -6.6091610146e-01  4.2400753020e-01  3.9257945845e+00 -3.1069860647e-01 -8.5967384399e-01  5.1822807842e+00  2.7106854263e-01 -1.0402385765e+00  1.8111584801e+00  1.4192977024e+00  8.9532987530e-01 -9.6648357760e-02  2.8413302362e+00  1.9688000162e-01 -2.0422725389e+00  1.8296494435e+00 -9.8065504572e-01  1.9682017860e+00 -1.5453270065e+00  1.6635183995e+00  2.0595289639e+00 -2.2397410512e+00  5.4635816475e-02 -2.0638973366e+00 -6.1587563364e-01 -1.4468429902e+00  6.9849469121e+00  9.7055598927e-01 -7.5729453024e-02  6.1998551178e+00  3.6582956377e-01  2.2076745670e+00 -1.5870393256e-01 -2.0324973880e+00 -7.3244767696e-01  3.9676291573e+00 -6.7105983768e-01  2.5192890290e+00  3.2808615334e+00 -4.8763675967e-01 -1.7150769110e+00  5.5173127018e+00  5.3418652994e-01 -2.0384905074e+00
ENERGY -5.025543957297e+02
GRADIENT  1.6893550000e-04  8.4849900000e-05 -5.0293510000e-04 -1.6961100000e-05  6.8510600000e-05 -3.6835000000e-06  8.9024800000e-05 -2.1687300000e-05  4.2997900000e-05 -3.2535710000e-04 -6.1798500000e-05  9.7088390000e-04  6.1018700000e-05 -3.7147820000e-04 -1.1006525000e-03 -5.6407500000e-05 -7.5964300000e-05 -6.1194800000e-05  1.1170550000e-04  5.5816800000e-05 -2.0980900000e-05  2.5424200000e-05  7.6766000000e-06  8.6579600000e-05 -2.4719400000e-05  1.0926390000e-04  3.8335200000e-05  2.3939410000e-04  1.5389240000e-04 -3.5578660000e-04 -3.4212950000e-04  2.8922100000e-05  7.3525850000e-04  4.7507500000e-05 -3.9001400000e-05  2.8989020000e-04 -1.8278000000e-06  7.2348000000e-06 -2.8554900000e-05  6.5161000000e-06 -6.4459000000e-06 -1.5037700000e-05  1.4631000000e-06  8.3603000000e-06  1.3100500000e-05  4.2430000000e-07 -1.3589000000e-05  1.1195800000e-05 -2.7661400000e-05  1.1942700000e-05 -2.8232600000e-05 -1.5783800000e-05  1.0211000000e-06 -1.7159600000e-05 -1.4455200000e-05  5.8261000000e-06 -5.9818000000e-06  1.2710700000e-05  4.8274000000e-06  9.5800000000e-08  3.9801000000e-05  1.3141500000e-05 -1.5427500000e-05  1.3001900000e-05  1.4192300000e-05 -1.4871200000e-05 -1.5339600000e-05 -2.2295000000e-06 -8.2032500000e-05 -3.0195000000e-06 -3.1950000000e-07  5.7187500000e-05  2.6734400000e-05  1.7035400000e-05  7.0061000000e-06

JOB 14
COORDS  8.8332617887e-01  7.7224072266e-01  1.5966514832e-01 -2.9257186152e-01  1.4054045254e+00 -2.5580936632e-01 -1.3250520263e+00  6.6219421977e-01 -8.3820680869e-01  1.0446454013e+00 -6.1312931087e-01  2.3561662739e-03  2.3012708724e+00 -1.3303096485e+00  4.8285133700e-01 -1.1727232196e+00 -7.1891455944e-01 -1.0042586650e+00  5.8786479513e+00  1.1126059609e+00  3.8839136466e-01  5.3405640342e+00  7.0682066980e-01  1.6131462705e+00  4.6457767267e-03 -1.3481660759e+00 -5.8873033166e-01  4.1876068942e+00 -8.7056459668e-02  1.6436219889e+00  3.5587189077e+00 -4.8602031415e-01  4.5571841522e-01  4.1067036529e+00 -6.9236699994e-02 -7.6973664900e-01  5.2571343038e+00  7.2176628778e-01 -8.0498262514e-01  1.6849746865e+00  1.3543140822e+00  6.0067850826e-01 -4.0019356257e-01  2.4778734827e+00 -1.2760961322e-01 -2.2359857358e+00  1.1538874813e+00 -1.1635824904e+00  2.1370484694e+00 -1.6905646633e+00  1.5082108270e+00  2.4458713068e+00 -2.2275179040e+00 -1.3301019068e-01 -1.9651062109e+00 -1.3033697335e+00 -1.4611304850e+00  6.7720855734e+00  1.7277437139e+00  3.6147931538e-01  5.8147347378e+00  1.0059163347e+00  2.5424625735e+00  1.2101589601e-01 -2.4199311645e+00 -7.2479762041e-01  3.7710265646e+00 -4.0032785381e-01  2.5966082914e+00  3.6195471736e+00 -3.6172983915e-01 -1.6951091198e+00  5.6693385748e+00  1.0338089514e+00 -1.7592897216e+00
ENERGY -5.025542423499e+02
GRADIENT -1.6484280000e-04 -7.2271200000e-05 -5.5427040000e-04 -3.5828700000e-05  4.0226560000e-04  5.1130800000e-05  2.3981730000e-04 -1.3997800000e-04  8.1924800000e-05 -1.0197280000e-04 -4.0180200000e-05  8.1424810000e-04  1.4538450000e-04 -2.3399370000e-04 -6.7309870000e-04 -8.9791400000e-05 -6.0097900000e-05 -5.5318500000e-05 -5.3382000000e-05 -3.7923700000e-05 -2.8971000000e-06  3.3197500000e-05  2.1118200000e-05  7.3676800000e-05  4.6827500000e-05  6.4595300000e-05  2.9308800000e-05  2.2400000000e-05  2.9417600000e-05 -8.2482900000e-05 -1.0856990000e-04  5.0084100000e-05  3.3277010000e-04  2.9905700000e-05  2.0830000000e-07  8.6968200000e-05  3.7216900000e-05  2.8404100000e-05 -7.6086200000e-05 -5.3338000000e-05 -1.0051200000e-05 -2.3154100000e-05 -1.2019300000e-05  4.8123000000e-05  7.5900000000e-07  3.5938400000e-05 -1.6495000000e-06  1.4081300000e-05 -1.6574900000e-05 -2.1060000000e-05 -1.6425800000e-05  3.3469000000e-05 -1.8734300000e-05 -5.3626000000e-06 -1.2828000000e-06 -2.1942300000e-05 -4.5309000000e-06 -7.0087000000e-06 -4.3044000000e-06  3.0280000000e-07  4.6931000000e-06  4.9487000000e-06  9.2655000000e-06  1.4948000000e-06  6.7129000000e-06  4.2143000000e-06  2.4241000000e-06  2.4832000000e-06 -1.4399700000e-05  5.5787000000e-06  6.4250000000e-07  1.7924300000e-05  6.2641000000e-06  3.1829000000e-06 -8.5477000000e-06

JOB 15
COORDS  9.3803465677e-01  7.7296191558e-01  3.9968774361e-02 -2.5406146329e-01  1.4109559328e+00 -3.2171876887e-01 -1.3463921673e+00  6.6354660530e-01 -7.7266697253e-01  1.0539583912e+00 -6.2262065110e-01 -4.0156098856e-02  2.3288720390e+00 -1.3543187276e+00  3.6993267911e-01 -1.2389143962e+00 -7.2960368810e-01 -8.6062859203e-01  5.8668862178e+00  1.1431312652e+00  4.5711696998e-01  5.2743259593e+00  7.2655325085e-01  1.6531640855e+00 -4.7666063175e-02 -1.3641408489e+00 -4.9929118858e-01  4.1352921557e+00 -8.6736769128e-02  1.6256553619e+00  3.5740793664e+00 -4.9514406592e-01  4.0702169489e-01  4.1759508202e+00 -6.7787639310e-02 -7.8882961749e-01  5.3131824621e+00  7.4312612633e-01 -7.6584391576e-01  1.7830894178e+00  1.3597686568e+00  3.8143047437e-01 -3.2601850320e-01  2.4918926196e+00 -2.5377051598e-01 -2.2690934055e+00  1.1591840763e+00 -1.0562433698e+00  2.1754485755e+00 -1.8025955021e+00  1.3618034640e+00  2.4825961392e+00 -2.1951110851e+00 -3.1935276217e-01 -2.0786572642e+00 -1.3190738154e+00 -1.2150222949e+00  6.7504399492e+00  1.7726881359e+00  4.7584628307e-01  5.6967561424e+00  1.0318654490e+00  2.6051231133e+00  3.2446113833e-02 -2.4453619165e+00 -5.7488878493e-01  3.6764449136e+00 -4.0801503608e-01  2.5562635397e+00  3.7424061261e+00 -3.6927517473e-01 -1.7378044986e+00  5.7678689285e+00  1.0624133483e+00 -1.6981722823e+00
ENERGY -5.025539954034e+02
GRADIENT  2.0658610000e-04  6.8193800000e-05 -7.4658170000e-04 -1.9664000000e-06  6.6764900000e-05  9.2725000000e-06 -3.2784000000e-06 -1.1340800000e-05 -2.0236000000e-06 -4.5803780000e-04 -3.4329700000e-05  1.3559927000e-03  2.7809810000e-04 -1.5857080000e-04 -1.2668944000e-03  8.4324000000e-05  6.8474200000e-05  3.2944700000e-05  7.9654400000e-05  5.1799700000e-05 -5.1970500000e-05 -6.3416100000e-05 -4.6912000000e-05 -2.8520400000e-05  6.5827000000e-06 -1.1647200000e-04 -1.8380400000e-05  2.7666700000e-05  1.4956600000e-05  4.6368100000e-05 -1.1744450000e-04  1.6022940000e-04  5.9650120000e-04 -4.6538500000e-05 -3.8500200000e-05 -2.4811600000e-05 -6.2658000000e-06 -2.4400000000e-07  1.0065960000e-04 -8.1939000000e-06  6.6386000000e-06 -4.8370000000e-07 -3.7646000000e-06  6.4196000000e-06  1.0668000000e-06  5.3368000000e-06  1.1922000000e-05  4.3852000000e-06  3.2055000000e-06 -1.4870200000e-05 -7.0127000000e-06  4.9785000000e-06 -1.0034300000e-05 -3.9003000000e-06  1.6582600000e-05 -2.7030000000e-07  4.8065000000e-06  7.3447000000e-06  7.1035000000e-06  1.1086300000e-05  6.5479000000e-06 -1.8530000000e-07 -1.0773600000e-05 -1.1473000000e-06 -2.0264600000e-05 -4.3500000000e-08 -8.3347000000e-06 -7.5936000000e-06 -3.5798000000e-06 -1.6468000000e-06  1.2319000000e-06 -5.6153000000e-06 -6.8735000000e-06 -4.1464000000e-06  7.5080000000e-06

JOB 16
COORDS  9.9799134271e-01  8.0137783305e-01  1.4521316340e-02 -2.1349789595e-01  1.4736655761e+00 -1.8853852150e-01 -1.3963966090e+00  7.5544272088e-01 -3.8357702483e-01  1.0430313022e+00 -5.9984825422e-01  2.5698298018e-02  2.3381804858e+00 -1.3748358772e+00  2.6050275672e-01 -1.3615073630e+00 -6.4476667796e-01 -3.7541219971e-01  5.9047973145e+00  1.0800174128e+00  2.0089562992e-01  5.3290343579e+00  7.0864483907e-01  1.4204187636e+00 -1.5183059767e-01 -1.3130875397e+00 -1.7398408451e-01  4.1831106257e+00 -9.4119728660e-02  1.4389793860e+00  3.5977398181e+00 -5.3799276877e-01  2.4367846803e-01  4.1832552816e+00 -1.5695689943e-01 -9.7509959945e-01  5.3278627565e+00  6.4459274065e-01 -9.9843561344e-01  1.9106019899e+00  1.3669205648e+00  1.6162567821e-01 -2.2931412935e-01  2.5590038176e+00 -1.9498494208e-01 -2.3344412213e+00  1.2773881592e+00 -5.4201849480e-01  2.2641992156e+00 -1.8952563774e+00  1.2255215127e+00  2.4135988176e+00 -2.1625075847e+00 -5.0118355944e-01 -2.2737098483e+00 -1.2128177092e+00 -5.2859873857e-01  6.7941069111e+00  1.7014516164e+00  1.8403863844e-01  5.7706566312e+00  1.0411596373e+00  2.3543725295e+00 -1.2947543615e-01 -2.3997735490e+00 -1.7178124126e-01  3.7360764718e+00 -3.7895011920e-01  2.3870067852e+00  3.7332767075e+00 -4.8831656355e-01 -1.9063955486e+00  5.7699251502e+00  9.2786454594e-01 -1.9483101874e+00
ENERGY -5.025537290862e+02
GRADIENT  3.9190100000e-05 -1.0222100000e-05 -2.5287710000e-04  2.7020000000e-06  1.0824700000e-05 -1.5512000000e-06  2.2573000000e-06 -5.0693000000e-06  3.2310000000e-07 -7.4239200000e-05  1.5872800000e-05  4.6388340000e-04  5.0686200000e-05 -4.8524200000e-05 -4.2661920000e-04 -4.5138000000e-06 -1.8569000000e-06  2.2126000000e-06 -9.4235000000e-06 -6.7062000000e-06  1.6653000000e-06  8.0263000000e-06  8.0155000000e-06  3.1984000000e-06  3.9492000000e-06  1.3902000000e-06  6.7538000000e-06 -3.5465000000e-06  3.2090000000e-06 -6.5930000000e-06 -1.8261600000e-05  3.1571600000e-05  2.2309130000e-04  4.1513000000e-06  2.0632000000e-06 -9.6340000000e-07 -1.7360000000e-06 -3.3280000000e-06 -1.1872900000e-05 -5.1850000000e-07 -1.4594000000e-06 -2.7445000000e-06 -7.5390000000e-07  1.3025000000e-06 -4.0926000000e-06  4.5150000000e-07 -7.6730000000e-07 -4.7080000000e-07  3.2470000000e-07  1.4618000000e-06  2.9982000000e-06  2.5330000000e-07  2.7044000000e-06  3.0422000000e-06 -1.0737000000e-06 -1.9972000000e-06  4.2502000000e-06 -9.3520000000e-07 -8.6100000000e-07 -5.6359000000e-06  5.8630000000e-07  4.2839000000e-06 -1.5874000000e-06  2.6560000000e-07  7.3620000000e-07  5.9309000000e-06  2.6965000000e-06  5.3923000000e-06  9.7910000000e-07 -2.1250000000e-07 -4.1739000000e-06  4.4930000000e-07 -3.2560000000e-07 -3.8625000000e-06 -3.7699000000e-06

JOB 17
COORDS  1.0168305675e+00  8.0203938327e-01 -6.4693255341e-02 -2.0045655423e-01  1.4875662150e+00 -1.6424254518e-01 -1.4078053077e+00  7.8422803982e-01 -1.8665147560e-01  1.0430005130e+00 -5.9718612369e-01  1.3222109569e-02  2.3451073794e+00 -1.3895189695e+00  1.2219155856e-01 -1.3922063922e+00 -6.1430368257e-01 -1.0849735838e-01  5.9073793582e+00  1.0708443178e+00  1.6835486946e-01  5.2698630281e+00  7.3320536806e-01  1.3676518173e+00 -1.7720286454e-01 -1.2954823875e+00 -9.6628505988e-03  4.1272253701e+00 -7.2719522607e-02  1.3510795429e+00  3.6049563515e+00 -5.5403234349e-01  1.3992140070e-01  4.2520984913e+00 -2.0786116691e-01 -1.0568580111e+00  5.3951792055e+00  5.9767194491e-01 -1.0450792639e+00  1.9483559885e+00  1.3551188722e+00 -4.7872013388e-02 -2.0161568700e-01  2.5713535919e+00 -2.2433091078e-01 -2.3503904764e+00  1.3162734073e+00 -2.6360244036e-01  2.3035053424e+00 -2.0029221198e+00  1.0326210505e+00  2.3909398144e+00 -2.0979411756e+00 -7.1619368577e-01 -2.3240912777e+00 -1.1707378202e+00 -1.2482246118e-01  6.7948094214e+00  1.6950801547e+00  1.7941031037e-01  5.6621404083e+00  1.0950229658e+00  2.3126774010e+00 -1.7025643560e-01 -2.3807045444e+00  5.0730170569e-02  3.6311344652e+00 -3.2995382194e-01  2.2824359193e+00  3.8535796504e+00 -5.7059457671e-01 -1.9998892480e+00  5.8851937139e+00  8.5385336716e-01 -1.9789597024e+00
ENERGY -5.025537148280e+02
GRADIENT -4.2007900000e-05 -3.3591300000e-05  9.8683400000e-05  7.3895000000e-06  4.6136500000e-05 -7.5813000000e-06  3.8560300000e-05 -3.6467300000e-05 -3.5328000000e-06  4.6364200000e-05 -1.4669200000e-05 -1.9516800000e-04  4.6775000000e-06 -7.8497000000e-06  1.3779480000e-04 -7.7552300000e-05 -3.7671200000e-05 -3.1974000000e-06 -3.8270600000e-05 -2.2348200000e-05  1.0668200000e-05  7.4439000000e-06  1.0222300000e-05 -1.9419000000e-06  2.9710300000e-05  7.4799200000e-05  7.1013000000e-06  1.1310000000e-07  1.5501500000e-05  2.8617100000e-05  9.6612000000e-06 -1.9290900000e-05 -5.5212600000e-05  8.8179000000e-06  1.5825400000e-05  1.8211800000e-05  1.6616600000e-05  9.6860000000e-07 -4.0450700000e-05 -7.9040000000e-06 -1.1279500000e-05 -4.9908000000e-06 -1.6475000000e-06  5.4462000000e-06 -9.9817000000e-06  3.8899000000e-06 -7.8091000000e-06 -6.4484000000e-06  1.0162200000e-05  7.4393000000e-06  1.3307600000e-05 -9.4097000000e-06  2.4633000000e-06  9.4574000000e-06 -9.2237000000e-06 -8.4425000000e-06 -1.4576000000e-06 -5.9278000000e-06  2.3970000000e-07 -4.6887000000e-06 -6.0572000000e-06  5.2804000000e-06  2.4503000000e-06  3.0549000000e-06  1.3273800000e-05  4.8980000000e-07  7.7200000000e-07  8.5255000000e-06  1.0121600000e-05  8.7399000000e-06 -4.0867000000e-06  4.1580000000e-07  2.0273000000e-06 -2.6160000000e-06 -2.6673000000e-06

JOB 18
COORDS  1.0212245270e+00  8.0256761208e-01 -1.7286895369e-01 -1.9285739807e-01  1.4998811717e+00 -1.9782682196e-01 -1.4042396714e+00  8.1373825389e-01 -7.5226162028e-02  1.0404989276e+00 -5.9150487120e-01 -2.5644110970e-02  2.3402716069e+00 -1.3939151919e+00 -1.3198461420e-02 -1.3953848073e+00 -5.7885325139e-01  7.4483255332e-02  5.9099070921e+00  1.0461945666e+00  2.1671952899e-01  5.1983042945e+00  7.2658993346e-01  1.3794838902e+00 -1.8309934562e-01 -1.2720360151e+00  1.0007444197e-01  4.0536702994e+00 -7.1770414905e-02  1.3031183874e+00  3.6021933096e+00 -5.6452975506e-01  6.7511767857e-02  4.3230424121e+00 -2.3733711989e-01 -1.0909719495e+00  5.4692703234e+00  5.6191574696e-01 -1.0194190634e+00  1.9562299623e+00  1.3425941181e+00 -2.6424486252e-01 -1.8868494770e-01  2.5792941378e+00 -3.1214584078e-01 -2.3445609099e+00  1.3549812621e+00 -9.3149909103e-02  2.3079201022e+00 -2.0939185394e+00  8.3238936555e-01  2.3752901258e+00 -2.0162822877e+00 -9.1826511192e-01 -2.3302683041e+00 -1.1214635869e+00  1.7358388971e-01  6.7989906489e+00  1.6654720120e+00  2.7469710201e-01  5.5351673727e+00  1.0976225028e+00  2.3421582980e+00 -1.8125444892e-01 -2.3523140592e+00  2.1976493116e-01  3.4989833433e+00 -3.1315088079e-01  2.2051369873e+00  3.9806453481e+00 -6.0966629598e-01 -2.0521481157e+00  6.0160143027e+00  8.0418990962e-01 -1.9250712942e+00
ENERGY -5.025537835078e+02
GRADIENT -5.0541700000e-05 -8.9032000000e-06  2.5601840000e-04  8.7543000000e-06  6.3350000000e-05 -7.7474000000e-06  7.1048000000e-06 -2.5447500000e-05 -1.4855000000e-06  7.0399000000e-06 -3.5887800000e-05 -4.4795370000e-04 -5.8579000000e-06 -1.7550300000e-05  3.7508670000e-04  1.0160900000e-05  1.7712500000e-05 -4.9140000000e-06 -5.8492600000e-05 -3.5700900000e-05 -1.9574000000e-06  1.9108700000e-05  2.6193800000e-05  6.2870700000e-05  2.5128700000e-05 -2.2755300000e-05 -1.2045000000e-06  3.2591500000e-05  3.4791200000e-05 -3.3386800000e-05 -1.6937500000e-05 -1.6528600000e-05 -2.0403600000e-04 -8.1320000000e-07  9.5598000000e-06  1.8642400000e-05  2.2026100000e-05  1.0395400000e-05 -2.7013300000e-05 -8.8804000000e-06 -4.4809000000e-06  1.6240000000e-07 -7.4471000000e-06  4.9029000000e-06  3.1970000000e-07  3.7297000000e-06  2.8600000000e-07  1.9800000000e-08  3.7716000000e-06 -1.1302200000e-05  7.5273000000e-06  5.6500000000e-08  6.9619000000e-06  7.1324000000e-06  5.0993000000e-06 -8.7444000000e-06 -4.9861000000e-06 -9.1819000000e-06  1.3676000000e-06  4.7719000000e-06 -1.0874000000e-06  4.1926000000e-06  9.7558000000e-06  4.8337000000e-06 -3.9380000000e-06 -6.1801000000e-06  6.3927000000e-06  1.6394000000e-06 -2.5620000000e-07  3.9620000000e-06  4.4550000000e-06  7.7920000000e-07 -5.2060000000e-07  5.4312000000e-06 -1.9655000000e-06

JOB 19
COORDS  1.0030251996e+00  7.7676083425e-01 -3.3581563397e-01 -2.0271114130e-01  1.4872605860e+00 -3.1886486635e-01 -1.3946007389e+00  8.4679363484e-01  3.3657564634e-02  1.0340159848e+00 -5.8572122016e-01 -3.4711157904e-03  2.3259471906e+00 -1.3977993682e+00 -3.5700931772e-02 -1.3741705996e+00 -5.1188992360e-01  3.7101242077e-01  5.9185974483e+00  1.0147937705e+00  1.3495908177e-01  5.1495418996e+00  8.0882666310e-01  1.2874698147e+00 -1.6865418254e-01 -1.2182392431e+00  3.5391487834e-01  3.9968491436e+00  2.1885186468e-02  1.2292620412e+00  3.5941569280e+00 -5.7446109576e-01  2.2229559723e-02  4.3711622504e+00 -3.6106903841e-01 -1.1257681404e+00  5.5261845450e+00  4.2795201835e-01 -1.0720474216e+00  1.9238190640e+00  1.2821554264e+00 -6.0391829560e-01 -2.0793282761e-01  2.5413216603e+00 -5.7815251516e-01 -2.3284236841e+00  1.3991715000e+00  5.0067675311e-02  2.3095412472e+00 -2.1083606220e+00  8.0106191876e-01  2.3376687875e+00 -2.0083323205e+00 -9.4969733167e-01 -2.2927156996e+00 -1.0174002644e+00  6.5214332326e-01  6.8139101723e+00  1.6261747931e+00  1.7923325111e-01  5.4484617379e+00  1.2605759273e+00  2.2279325185e+00 -1.5692473599e-01 -2.2712722694e+00  6.2254008336e-01  3.3963034628e+00 -1.2877896973e-01  2.1215272573e+00  4.0675729939e+00 -8.1415425896e-01 -2.0651086041e+00  6.1166487702e+00  5.8210596521e-01 -1.9695276998e+00
ENERGY -5.025539624425e+02
GRADIENT -5.8711600000e-05  1.4398990000e-04  6.6599640000e-04  1.4957800000e-05  1.9485810000e-04 -5.5106100000e-05  2.0142850000e-04 -1.2845340000e-04  5.4050000000e-07 -5.0118300000e-05 -2.4907010000e-04 -1.2058680000e-03  4.2027800000e-05  8.3720000000e-06  1.1805470000e-03 -1.8890250000e-04 -9.8694800000e-05  5.5249800000e-05  1.2460400000e-05  1.3229500000e-05  2.0470000000e-06  2.5170000000e-06  2.3793000000e-06 -6.5053000000e-06  4.0358200000e-05  1.5440990000e-04 -2.6633300000e-05 -3.9154100000e-05 -1.3081300000e-05  2.1848500000e-05  1.0271930000e-04  1.6065400000e-05 -5.8724690000e-04 -1.0864800000e-05 -2.3453000000e-05 -1.0118180000e-04 -4.3291800000e-05 -1.1302900000e-05  5.6939500000e-05 -3.7338300000e-05 -8.2855000000e-06 -3.4944000000e-06  3.5959000000e-06  2.9872900000e-05 -9.5598000000e-06  3.0699200000e-05 -1.8627500000e-05  1.2147000000e-06 -2.8866000000e-06 -1.3894700000e-05  4.0490000000e-06  2.1956200000e-05  9.5441000000e-06  2.5742000000e-06 -2.2835800000e-05 -2.3026700000e-05  1.3659200000e-05  1.7254000000e-06  1.8764000000e-06  2.1955000000e-06 -1.6533000000e-06  1.3644000000e-06 -1.3607000000e-06 -1.0274300000e-05  2.1457800000e-05 -1.0159900000e-05  3.8626000000e-06  5.4679000000e-06  8.8918000000e-06 -2.7812000000e-06 -9.8846000000e-06 -1.3192800000e-05 -9.4959000000e-06 -5.1132000000e-06  4.5563000000e-06

JOB 20
COORDS  9.4986493788e-01  7.2430430957e-01 -4.7062054677e-01 -2.5946002690e-01  1.4234985049e+00 -4.0073162897e-01 -1.3992961309e+00  8.0840300535e-01  1.2839215714e-01  1.0385548089e+00 -6.0104430892e-01 -1.6934829784e-02  2.3370791736e+00 -1.3937823782e+00 -1.1480966439e-01 -1.3205705484e+00 -5.1065961509e-01  5.8884489612e-01  5.9106224176e+00  1.0432267143e+00  1.3528040605e-01  5.0827791340e+00  8.8278026648e-01  1.2542513729e+00 -1.0989776427e-01 -1.2064473152e+00  5.1788088621e-01  3.9344139114e+00  9.2680099289e-02  1.1697855013e+00  3.5946875904e+00 -5.5370029278e-01 -3.1194068899e-02  4.4289868834e+00 -3.8498565761e-01 -1.1453994946e+00  5.5803090114e+00  4.0787249458e-01 -1.0652547567e+00  1.8331926596e+00  1.2099948205e+00 -8.7045346931e-01 -3.0958364676e-01  2.4480921290e+00 -7.5551607384e-01 -2.3366585106e+00  1.3519222554e+00  1.8645570884e-01  2.3443133453e+00 -2.1486749922e+00  6.8216063944e-01  2.3447002111e+00 -1.9527429444e+00 -1.0612298843e+00 -2.1974380863e+00 -9.9439751301e-01  1.0075097592e+00  6.8024041136e+00  1.6578634523e+00  2.0077055903e-01  5.3330991188e+00  1.3732749640e+00  2.1894837439e+00 -5.2423886444e-02 -2.2284037230e+00  8.8272140625e-01  3.2878533616e+00 -2.1090255808e-02  2.0348394114e+00  4.1746083053e+00 -8.7689308163e-01 -2.0798631303e+00  6.2151335687e+00  5.2720938841e-01 -1.9374296270e+00
ENERGY -5.025542342932e+02
GRADIENT -2.9499470000e-04  6.6132000000e-05  7.2841790000e-04 -1.3514600000e-05  4.0523430000e-04 -1.3419970000e-04  1.3901540000e-04 -8.6974100000e-05 -1.4465000000e-06 -7.6442000000e-06 -2.5550640000e-04 -1.1334189000e-03  5.6360900000e-05 -9.0591000000e-05  1.0798571000e-03  6.1501700000e-05  3.4807500000e-05 -1.9355300000e-05  3.9929100000e-05  2.3206700000e-05  7.9239000000e-06 -3.3856600000e-05 -7.9569700000e-05 -1.4595430000e-04  6.0435000000e-05 -6.7484100000e-05 -1.1526600000e-05 -8.6438100000e-05 -2.3274300000e-05  1.5359630000e-04  2.9132000000e-05  7.2379100000e-05 -5.3443630000e-04  2.7713200000e-05  1.8368800000e-05  1.1035600000e-05  2.0585200000e-05 -4.1515000000e-06 -2.2209100000e-05 -6.1058900000e-05 -3.8517000000e-06  2.9528800000e-05 -2.2200900000e-05  5.3555600000e-05 -6.2111000000e-06  3.1638800000e-05  1.8068500000e-05 -6.3523000000e-06  5.0231800000e-05 -4.0856600000e-05  1.6046300000e-05 -2.0827600000e-05  2.1410000000e-07  1.7160500000e-05  1.3227600000e-05 -6.5145000000e-06 -2.3481000000e-06  8.3235000000e-06 -3.8617000000e-06 -1.1378800000e-05 -8.9635000000e-06 -2.1307900000e-05 -1.4665800000e-05  1.7211300000e-05 -5.0969000000e-06 -4.8830000000e-07 -1.1520200000e-05 -1.3875200000e-05  1.1703300000e-05  3.7357000000e-06  7.3080000000e-06 -9.3343000000e-06  1.9781000000e-06  3.6411000000e-06 -1.9442000000e-06

JOB 21
COORDS  9.1717140233e-01  7.3160654301e-01 -5.8913822089e-01 -2.5550886504e-01  1.4776836374e+00 -4.4352816533e-01 -1.3496075605e+00  9.4164908504e-01  2.4640398329e-01  1.0149436094e+00 -5.6251377842e-01 -5.2149576592e-02  2.2793012832e+00 -1.3915044426e+00 -2.3206052339e-01 -1.2614018914e+00 -3.4414116680e-01  7.8967213356e-01  5.9331505966e+00  9.0759574117e-01  1.6342785757e-01  5.0554299847e+00  7.8041866469e-01  1.2483219553e+00 -8.5516501175e-02 -1.0877921366e+00  6.4163621459e-01  3.8811906684e+00  3.6669721448e-02  1.1157708167e+00  3.5637544558e+00 -5.9646913836e-01 -9.8339917018e-02  4.4474544878e+00 -4.6141224555e-01 -1.1781389908e+00  5.6251160298e+00  2.8538000369e-01 -1.0497134124e+00  1.7683495489e+00  1.1550895514e+00 -1.1119345422e+00 -3.1438706235e-01  2.4767381119e+00 -8.6376674219e-01 -2.2588162679e+00  1.5222325727e+00  3.6326985825e-01  2.2701926913e+00 -2.2059215011e+00  5.0403420537e-01  2.2604401751e+00 -1.8738488340e+00 -1.2191919239e+00 -2.1018525376e+00 -7.6529729142e-01  1.3322562405e+00  6.8449319822e+00  1.4870384044e+00  2.6477892054e-01  5.2867030690e+00  1.2615689688e+00  2.1933112656e+00 -1.8431278650e-02 -2.0840335900e+00  1.0699479646e+00  3.1951134414e+00 -4.9468972229e-02  1.9529443682e+00  4.2116213408e+00 -9.4303406222e-01 -2.1228275822e+00  6.2979314310e+00  3.8006669545e-01 -1.8960479586e+00
ENERGY -5.025544205373e+02
GRADIENT -1.7044180000e-04 -1.3178700000e-05  4.7414380000e-04 -5.9096000000e-06  4.1381710000e-04 -1.8337650000e-04  2.3854340000e-04 -1.8731990000e-04  1.5849000000e-06 -1.0333460000e-04 -1.8720410000e-04 -5.9685320000e-04  7.4633300000e-05 -2.9911900000e-05  3.1989930000e-04 -1.1139590000e-04 -2.5474600000e-05  4.9064200000e-05  1.9376400000e-04  1.0716280000e-04  6.2882000000e-06  2.4668200000e-05  4.7387200000e-05  1.3680360000e-04  5.5061900000e-05  1.0498200000e-05 -2.4470800000e-05  2.5283360000e-04  5.6868800000e-05 -2.1270420000e-04 -4.6166300000e-05 -2.3123400000e-05 -1.2722230000e-04 -1.3315120000e-04 -1.4590080000e-04 -2.5556310000e-04 -2.5239700000e-04 -1.8633700000e-05  3.3675350000e-04 -8.4884400000e-05 -5.4606000000e-06  1.5853600000e-05 -5.8660000000e-06  6.4113500000e-05 -7.4984000000e-06  4.1814100000e-05  3.8696000000e-06 -1.2429200000e-05  4.1149000000e-06  1.0500400000e-05  3.8341400000e-05 -2.6808000000e-05 -2.7573900000e-05  2.8291600000e-05  8.0920000000e-07 -2.1973200000e-05  1.7914000000e-05  1.2809000000e-05  1.9187200000e-05  4.1795500000e-05  4.2579900000e-05  1.9504300000e-05  8.2290000000e-07 -1.1865000000e-06  3.0995000000e-06 -2.5527700000e-05  5.4749800000e-05 -5.7702000000e-06 -4.8452800000e-05 -2.0121900000e-05 -5.2073000000e-05 -1.2389000000e-05 -3.4717600000e-05 -1.2410700000e-05  3.8930600000e-05

JOB 22
COORDS  8.3894095348e-01  7.2716771866e-01 -6.8812810885e-01 -3.1691266314e-01  1.4753598835e+00 -4.5424980670e-01 -1.3291110440e+00  9.6812612237e-01  3.7083705257e-01  1.0018529252e+00 -5.4194105390e-01 -1.0708422644e-01  2.2545054513e+00 -1.3572370019e+00 -3.8202086490e-01 -1.1743805558e+00 -2.9069708176e-01  9.5879192490e-01  5.9463100567e+00  8.3578320267e-01  2.2777041288e-01  4.9792602593e+00  7.8291647366e-01  1.2403367182e+00 -1.4940419862e-02 -1.0386056957e+00  7.2056649385e-01  3.7898047105e+00  7.9389989205e-02  1.0394508400e+00  3.5466319461e+00 -5.8621057931e-01 -1.7415502276e-01  4.5192734141e+00 -5.2454738293e-01 -1.1819299083e+00  5.7127260181e+00  1.8044359796e-01 -9.8463089473e-01  1.6294952446e+00  1.1282851807e+00 -1.3144615727e+00 -4.2763252317e-01  2.4536423784e+00 -9.1111200167e-01 -2.2257516566e+00  1.5507264097e+00  5.5531391083e-01  2.2472792968e+00 -2.2475901743e+00  2.6126888942e-01  2.2289355584e+00 -1.7299449164e+00 -1.4150146972e+00 -1.9505124963e+00 -6.8968050531e-01  1.6041222215e+00  6.8691589664e+00  1.3849888389e+00  3.8313572638e-01  5.1524852865e+00  1.2920494780e+00  2.1831015874e+00  1.0236659084e-01 -2.0153610430e+00  1.1813253020e+00  3.0345260868e+00  5.2400810418e-02  1.8187051803e+00  4.3392361947e+00 -1.0303713068e+00 -2.1262704477e+00  6.4537272276e+00  2.1920713354e-01 -1.7767300565e+00
ENERGY -5.025544970987e+02
GRADIENT -2.8599000000e-06  4.6644500000e-05  1.9988270000e-04 -6.7500000000e-08  6.1795900000e-05 -3.8053400000e-05 -8.4617000000e-06 -4.9070000000e-07 -2.6510000000e-07 -7.5482300000e-05 -1.1240270000e-04 -2.6632930000e-04  2.6369900000e-05 -6.4210400000e-05  3.0162770000e-04  3.4365900000e-05  2.7347000000e-05 -2.8865900000e-05  3.5740700000e-05  2.5279300000e-05  5.9269000000e-06 -1.0962400000e-05 -3.5654600000e-05 -6.7295600000e-05  1.3925800000e-05 -3.0211000000e-05  1.9705000000e-06 -1.2399500000e-05  3.9852700000e-05  1.2539400000e-05 -5.7114800000e-05  4.4898900000e-05 -1.5589320000e-04  1.0836800000e-05 -2.1614000000e-06  1.1394390000e-04  3.6335300000e-05 -9.0270000000e-06 -3.8679800000e-05 -1.0011300000e-05 -1.0600800000e-05  5.3920000000e-06 -7.6115000000e-06  4.7090000000e-06 -9.0243000000e-06  2.6845000000e-06  9.0120000000e-06 -1.0677100000e-05  7.2897000000e-06 -3.2041000000e-05 -1.3531100000e-05 -5.2536000000e-06  1.9237900000e-05  8.1470000000e-07  4.7869000000e-06  7.3898000000e-06 -1.6014000000e-06  6.9173000000e-06  2.2174000000e-06 -1.2058900000e-05  5.5260000000e-07  4.7774000000e-06 -1.1598100000e-05  6.4217000000e-06  3.0419000000e-06  4.9634000000e-06 -5.4927000000e-06  1.2871000000e-06 -1.0150100000e-05 -7.9990000000e-07  2.8560000000e-07  1.6166100000e-05  1.0289600000e-05 -9.7670000000e-07  7.9600000000e-07

JOB 23
COORDS  7.6023716054e-01  6.7096885039e-01 -8.4283991072e-01 -3.8265738370e-01  1.4263424771e+00 -5.7266988960e-01 -1.3049505994e+00  9.8849972997e-01  3.8702403744e-01  9.9925876582e-01 -5.3593119330e-01 -1.6384063868e-01  2.2478964244e+00 -1.3458642230e+00 -4.6530240186e-01 -1.0741414246e+00 -2.0792792427e-01  1.0717932433e+00  5.9334330963e+00  8.0351578825e-01  3.1961534682e-01  4.9460930741e+00  7.0797547785e-01  1.3090163224e+00  7.1976861208e-02 -9.6402766105e-01  7.9616128375e-01  3.7583588715e+00  1.9728656548e-02  1.0518238135e+00  3.5385470601e+00 -5.8880042280e-01 -1.9539309901e-01  4.5310249101e+00 -4.8448233743e-01 -1.1800667927e+00  5.7220840002e+00  2.0625617610e-01 -9.2651034553e-01  1.4824477057e+00  1.0187763273e+00 -1.5751910948e+00 -5.5397098582e-01  2.3557012267e+00 -1.1064075643e+00 -2.1920556129e+00  1.5764504381e+00  5.9851735229e-01  2.2290646072e+00 -2.2666518539e+00  1.3300545160e-01  2.2375679741e+00 -1.6629888262e+00 -1.5160783794e+00 -1.7816741314e+00 -5.5324902119e-01  1.8188556528e+00  6.8548272639e+00  1.3410140513e+00  5.1856379281e-01  5.1016308401e+00  1.1725756237e+00  2.2775425489e+00  2.4779951026e-01 -1.8941156470e+00  1.3290731566e+00  2.9867538148e+00 -3.8134644877e-02  1.8132537834e+00  4.3687711189e+00 -9.4615273607e-01 -2.1499539716e+00  6.4789517885e+00  2.7882216764e-01 -1.7010533097e+00
ENERGY -5.025545147970e+02
GRADIENT -3.7232900000e-05 -1.0031310000e-04 -6.3922900000e-05 -5.2680000000e-05  2.3198600000e-05  1.8842700000e-05  2.9824900000e-05  2.3187900000e-05 -4.5851200000e-05  9.2339700000e-05  1.1731600000e-04  1.1877260000e-04 -2.9310100000e-05 -1.8986700000e-05 -1.6167270000e-04  2.8663300000e-05 -3.8576400000e-05  7.8068000000e-06 -2.1711000000e-06  1.5115100000e-05  4.0963000000e-05  3.1016800000e-05  5.2997000000e-06 -2.9384300000e-05 -3.5662100000e-05 -2.2604000000e-06  1.4202100000e-05 -3.7668700000e-05 -2.3673200000e-05 -9.4003000000e-06  1.4142600000e-05 -1.6375000000e-05  1.1739980000e-04  2.5599600000e-05  1.4036500000e-05 -9.6824000000e-06 -2.3373300000e-05 -1.6587400000e-05 -1.3032800000e-05 -3.9322000000e-06  8.9154000000e-06 -2.2018000000e-06  6.8781000000e-06 -1.8113000000e-06 -1.0694000000e-05 -1.1480000000e-06 -5.7134000000e-06 -9.1680000000e-07  9.2970000000e-07  4.4935000000e-06  8.2241000000e-06 -1.2956000000e-06  5.9081000000e-06  9.1277000000e-06 -3.8553000000e-06  1.1265000000e-06 -4.5392000000e-06  2.1072000000e-06  4.2165000000e-06 -2.5505000000e-06 -8.1564000000e-06  2.8110000000e-07  2.7296000000e-06  1.5453000000e-06 -3.3538000000e-06  1.4956000000e-06 -1.9190000000e-07  3.5994000000e-06  7.1176000000e-06  3.5050000000e-07 -1.5873000000e-06  9.8180000000e-07  3.2797000000e-06  2.5436000000e-06  6.1854000000e-06

JOB 24
COORDS  6.6335548802e-01  5.7584833821e-01 -1.0175183304e+00 -4.8026131235e-01  1.3349808028e+00 -7.6062172836e-01 -1.3143750586e+00  1.0076749430e+00  3.1654461752e-01  9.9254611804e-01 -5.2305657570e-01 -2.0593627415e-01  2.2482569695e+00 -1.3258769032e+00 -4.8332208493e-01 -9.9632510042e-01 -8.3426424727e-02  1.1305204292e+00  5.9476166637e+00  7.5914997283e-01  4.1952588361e-01  4.8523192267e+00  8.6219947170e-01  1.2859141096e+00  1.5014800521e-01 -8.4340613747e-01  8.6822470297e-01  3.6569033868e+00  2.0109490666e-01  9.9133122021e-01  3.5374578967e+00 -5.7711939290e-01 -1.7154132453e-01  4.6388027040e+00 -6.7016676262e-01 -1.0356070055e+00  5.8369901509e+00 -9.1941873753e-03 -7.4370787372e-01  1.3159253045e+00  8.3719671594e-01 -1.8451975677e+00 -7.2179730772e-01  2.1804050126e+00 -1.3968589252e+00 -2.2025779776e+00  1.5977928397e+00  5.1693121451e-01  2.2171732483e+00 -2.2533994202e+00  1.0527956498e-01  2.2667786674e+00 -1.6330437530e+00 -1.5363606266e+00 -1.6374796890e+00 -3.4451629601e-01  1.9663518059e+00  6.8744682909e+00  1.2754556247e+00  6.4717110248e-01  4.9285150069e+00  1.4610092428e+00  2.1879843877e+00  3.9419181442e-01 -1.6927551816e+00  1.4997489980e+00  2.8051857820e+00  2.9527367085e-01  1.6569554285e+00  4.5554157344e+00 -1.2635768798e+00 -1.9418364431e+00  6.6780504781e+00 -9.0244487394e-02 -1.4250348837e+00
ENERGY -5.025544298841e+02
GRADIENT -2.9889020000e-04 -3.2852510000e-04 -3.2220200000e-04  1.6900000000e-06  6.6980000000e-06  8.2710000000e-07 -7.8320000000e-06  3.7868000000e-06  5.8603000000e-06  4.2751430000e-04  4.2025090000e-04  6.6959060000e-04 -1.2682230000e-04  8.2986400000e-05 -7.9392430000e-04  7.2848000000e-06  1.9690000000e-07 -1.1115500000e-05 -4.5450000000e-06 -3.1812000000e-06  7.6080000000e-06  6.2785000000e-06 -3.3387000000e-06  1.7887000000e-06  3.8607000000e-06 -7.6094000000e-06 -5.4782000000e-06 -7.9811000000e-06 -7.7939000000e-06 -3.4580000000e-07 -3.9884000000e-06 -1.6685240000e-04  4.5357490000e-04  4.7361000000e-06  3.6264000000e-06 -5.9897000000e-06 -2.2251000000e-06 -1.8341000000e-06 -3.7635000000e-06  2.0180000000e-07  7.7508000000e-06  4.2128000000e-06 -5.2960000000e-07  7.6325000000e-06  7.7317000000e-06 -3.0170000000e-07  7.0380000000e-07  4.3555000000e-06  2.2002000000e-06  2.1044000000e-06 -6.6069000000e-06 -2.2450000000e-07  4.4154000000e-06 -5.0671000000e-06  6.1100000000e-08 -5.9849000000e-06 -3.1539000000e-06  1.8540000000e-07 -4.5511000000e-06  4.2667000000e-06 -9.5190000000e-07 -9.8289000000e-06  6.5568000000e-06 -7.4700000000e-08 -5.9410000000e-06 -6.4926000000e-06  3.1100000000e-07 -4.8287000000e-06  3.3774000000e-06 -5.2300000000e-08  6.3990000000e-06 -5.4525000000e-06  9.4600000000e-08  3.7183000000e-06 -1.5840000000e-07

JOB 25
COORDS  5.6765514668e-01  5.1983056754e-01 -1.1406980699e+00 -5.7735336177e-01  1.2730656871e+00 -8.6981297268e-01 -1.3224793976e+00  1.0265546990e+00  2.9024189272e-01  9.8797686013e-01 -4.8998960463e-01 -2.5967333822e-01  2.2449966711e+00 -1.2835373723e+00 -5.4987278749e-01 -9.1535681527e-01  2.1448792789e-02  1.1731089786e+00  5.9620081970e+00  6.8817509117e-01  5.2947500109e-01  4.8183452929e+00  8.7066804574e-01  1.3153900256e+00  2.3126835160e-01 -7.3228484616e-01  8.9676730709e-01  3.6154054330e+00  2.4999099010e-01  9.6523338502e-01  3.5374012397e+00 -5.6636642851e-01 -1.7396843425e-01  4.6883912161e+00 -7.3877123843e-01 -9.5867989807e-01  5.8930076643e+00 -1.1912902359e-01 -6.1095624888e-01  1.1488897624e+00  7.1687843653e-01 -2.0366226702e+00 -8.8946252524e-01  2.0493416086e+00 -1.5610552959e+00 -2.2122190561e+00  1.6107118777e+00  5.0093570076e-01  2.1982911664e+00 -2.2387472763e+00 -7.6556401082e-03  2.2832308635e+00 -1.5391559514e+00 -1.6156048672e+00 -1.4896309620e+00 -1.7884690796e-01  2.0719774281e+00  6.8943050740e+00  1.1729774182e+00  8.0010080383e-01  4.8615456273e+00  1.5002957213e+00  2.1985005632e+00  5.4245279777e-01 -1.5169195763e+00  1.5804920681e+00  2.7285188024e+00  4.0582377452e-01  1.5698538937e+00  4.6379250976e+00 -1.3621972713e+00 -1.8471087946e+00  6.7721717538e+00 -2.6151881989e-01 -1.2314261913e+00
ENERGY -5.025541153531e+02
GRADIENT -5.7186980000e-04 -6.9219500000e-04 -5.1226190000e-04 -3.7106000000e-06  1.0901200000e-05 -2.8235000000e-06  3.0139000000e-06 -3.3284000000e-06  4.4529000000e-06  8.1238490000e-04  8.5446940000e-04  1.1206669000e-03 -2.0427900000e-04  1.9127240000e-04 -1.3817701000e-03  5.8070000000e-07 -2.9875000000e-06  4.3947000000e-06  1.6630000000e-07  4.8472000000e-06  6.7219000000e-06  1.0720000000e-05  2.3993000000e-06  3.7269000000e-06 -2.3750000000e-07 -4.1450000000e-07 -6.5890000000e-06 -1.6669400000e-05  1.4701400000e-05 -1.5281100000e-05 -2.0693700000e-05 -3.5464300000e-04  8.1875060000e-04  2.4761900000e-05 -4.1918800000e-05 -2.2387000000e-05 -3.3102300000e-05  3.4691000000e-06  1.0579200000e-05 -1.3110000000e-07  3.9340000000e-06  5.3223000000e-06 -2.2684000000e-06  4.5330000000e-06  6.2433000000e-06  3.2500000000e-07 -1.8050000000e-06  5.5673000000e-06  1.3793400000e-05 -1.1733500000e-05 -2.6059700000e-05 -9.5444000000e-06  2.5736100000e-05 -1.2803100000e-05  3.9080000000e-07 -5.2564000000e-06  1.7158000000e-06 -5.9590000000e-07  7.3200000000e-08  2.1082000000e-06  5.0620000000e-07 -4.6066000000e-06  2.9165000000e-06  2.1114000000e-06 -1.8930000000e-06 -2.4103000000e-06  1.4190000000e-06 -1.9020000000e-06  2.6529000000e-06 -1.8373000000e-06  2.6596000000e-06 -1.1654200000e-05 -5.2343000000e-06  3.6878000000e-06 -1.7794000000e-06

JOB 26
COORDS  5.1056997227e-01  7.0443894039e-01 -1.2145714285e+00 -7.3945188562e-01  1.1688181702e+00 -7.9102501931e-01 -1.4289449882e+00  4.9958111089e-01  2.2577266274e-01  1.0883710562e+00 -4.3429902341e-01 -6.3115834162e-01  2.4662259062e+00 -9.0309048182e-01 -1.0452755285e+00 -8.6160015188e-01 -6.3614958151e-01  8.1582689255e-01  5.7991177672e+00  7.6213311725e-01  1.1930569002e+00  4.5975920440e+00  1.4722105221e+00  1.1038210475e+00  3.8830590160e-01 -1.0951539842e+00  3.9092349449e-01  3.5129265268e+00  9.4065772757e-01  3.9747808979e-01  3.6152722074e+00 -3.0815895620e-01 -2.3333422683e-01  4.8250691346e+00 -1.0152128956e+00 -1.3270299751e-01  5.9105695344e+00 -4.8723534327e-01  5.7161515645e-01  1.0436408361e+00  1.2242187094e+00 -2.0055576417e+00 -1.1735977273e+00  2.0490374237e+00 -1.2542408963e+00 -2.3990932753e+00  8.5742747518e-01  5.5445109574e-01  2.5199068569e+00 -1.9962889180e+00 -9.7562329331e-01  2.6245220698e+00 -6.5773548719e-01 -2.1056637119e+00 -1.3912614621e+00 -1.1614018215e+00  1.6041425092e+00  6.6380190549e+00  1.1740390129e+00  1.7444236138e+00  4.5004856412e+00  2.4387591953e+00  1.5882295420e+00  8.3058262315e-01 -1.9720628604e+00  8.5444585093e-01  2.5804266301e+00  1.4905494945e+00  3.4414189528e-01  4.9132028595e+00 -1.9871381316e+00 -6.1056001254e-01  6.8364239697e+00 -1.0496465000e+00  6.4031812332e-01
ENERGY -5.025537368962e+02
GRADIENT  6.6431460000e-04  7.7469380000e-04  6.9532490000e-04  6.5065000000e-06 -1.4205340000e-04  1.2795470000e-04  8.5744000000e-05  2.5441600000e-05 -9.0146300000e-05 -6.8717780000e-04 -6.7284260000e-04 -1.5647097000e-03 -1.5391300000e-05 -7.7081190000e-04  1.2603562000e-03 -8.8642600000e-05 -1.9615660000e-04  2.2286090000e-04 -3.8870310000e-04 -1.0847500000e-04 -2.0713820000e-04  6.8125800000e-05  1.0410780000e-04  9.0025800000e-05 -1.6159200000e-04  1.9991890000e-04 -6.1938600000e-05 -1.5457780000e-04 -4.0229800000e-05 -6.4109300000e-05  1.3073930000e-04  8.6436710000e-04 -6.6442860000e-04  1.0169000000e-05  3.2801500000e-04  1.9371120000e-04  4.7719290000e-04 -3.5840840000e-04 -2.9714000000e-06  1.7318200000e-05  1.4326800000e-05 -1.5310400000e-05  3.1391900000e-05 -9.6486000000e-06 -3.8566000000e-06  9.4131000000e-06 -3.8333600000e-05  2.9012400000e-05  7.5342000000e-06  2.8176200000e-05  2.9096700000e-05  3.2303000000e-05  2.2146900000e-05  1.6900100000e-05 -3.1691200000e-05 -1.4555800000e-05  1.6325600000e-05 -2.3621000000e-05 -6.0130000000e-05 -2.4639900000e-05 -4.4468300000e-05  1.1727000000e-05  3.5512000000e-06 -2.2988600000e-05  1.3285200000e-05 -2.0666400000e-05 -7.2319000000e-06  6.5563000000e-06  1.3479700000e-05  2.2005700000e-05  5.0429300000e-05  1.7999900000e-05  6.3327200000e-05 -3.1546200000e-05  3.3159000000e-06

JOB 27
COORDS  4.9956427178e-01  7.1793585943e-01 -1.3664291980e+00 -7.5569698173e-01  1.1721595766e+00 -9.4495527759e-01 -1.4022431619e+00  5.4941711622e-01  1.2717323449e-01  1.1244697587e+00 -3.6207988231e-01 -7.2541096607e-01  2.5078871053e+00 -8.2161884264e-01 -1.1387739419e+00 -7.8630259328e-01 -5.2890706300e-01  7.7509234034e-01  5.7211989974e+00  6.1291581665e-01  1.4073472297e+00  4.6469962628e+00  1.4532442622e+00  1.0912680113e+00  4.6752525037e-01 -9.7732567702e-01  3.5302467490e-01  3.6048811662e+00  9.9087336283e-01  2.8282773510e-01  3.6209646152e+00 -3.1740372517e-01 -2.2663598696e-01  4.6992934393e+00 -1.1536734740e+00  1.0032075628e-01  5.7438592341e+00 -6.9392538989e-01  9.0950872564e-01  9.9876832464e-01  1.2006780885e+00 -2.2017316390e+00 -1.2262974668e+00  2.0078069728e+00 -1.4529948126e+00 -2.3756689205e+00  8.9881818640e-01  4.5530231877e-01  2.5435612863e+00 -1.9173279055e+00 -1.1648553150e+00  2.7061817255e+00 -4.8353823149e-01 -2.1657336869e+00 -1.2823823245e+00 -1.0168412482e+00  1.6079760856e+00  6.5281029172e+00  9.7170492767e-01  2.0378978261e+00  4.6184887541e+00  2.4669219682e+00  1.4783085444e+00  9.4972817496e-01 -1.8054657303e+00  8.6392359470e-01  2.7670484963e+00  1.6406163787e+00  5.3389961513e-02  4.7188191011e+00 -2.1707797772e+00 -2.8116155804e-01  6.5685303880e+00 -1.3559086951e+00  1.1542549198e+00
ENERGY -5.025541507663e+02
GRADIENT  3.0924980000e-04  5.2000240000e-04  5.4163040000e-04  2.3455900000e-05 -2.4078100000e-05  1.1878400000e-05 -5.8297300000e-05  1.8061300000e-05  2.8784300000e-05 -4.4611370000e-04 -5.2664530000e-04 -9.7187440000e-04  5.2426800000e-05 -5.7330700000e-04  8.2538180000e-04  2.0720800000e-05  3.3816600000e-05 -3.8591000000e-05 -3.1482000000e-06 -1.8888000000e-05 -1.3943200000e-05 -1.1796300000e-05 -9.5263000000e-06 -1.7640200000e-05  1.7164200000e-05 -8.5203000000e-06  1.3012000000e-06  8.5095000000e-06  2.7192700000e-05  2.4684800000e-05  4.9347400000e-05  5.4876430000e-04 -3.9037640000e-04 -2.7072000000e-06  4.1771100000e-05 -4.5474000000e-06  3.5665300000e-05 -1.5590800000e-05  4.7991000000e-06  3.3573000000e-06 -5.9362000000e-06  1.0444000000e-06 -2.4688000000e-06 -2.3605000000e-06  5.5402000000e-06 -5.2962000000e-06  9.4960000000e-06  3.7938000000e-06  4.3150000000e-06 -4.6480000000e-06  1.9197000000e-06 -3.5445000000e-06 -7.8582000000e-06 -1.0175000000e-06  1.5180000000e-06  1.0370000000e-05 -7.2130000000e-07  2.2485000000e-06 -4.1637000000e-06 -7.7397000000e-06  3.1086000000e-06 -2.3697000000e-06 -3.8228000000e-06  1.5333000000e-06  1.9342000000e-06  1.1796000000e-06  1.8952000000e-06 -4.2850000000e-07 -9.7322000000e-06 -3.3229000000e-06 -7.0520000000e-07  6.4149000000e-06  2.1799000000e-06 -6.3828000000e-06  1.6537000000e-06

JOB 28
COORDS  4.9338660329e-01  6.6926907470e-01 -1.5323126622e+00 -7.8213361129e-01  1.1047858086e+00 -1.1522644960e+00 -1.3989257716e+00  5.6174222382e-01 -2.1531293343e-02  1.1674391665e+00 -3.1085019015e-01 -7.9022842193e-01  2.5634367592e+00 -7.6424353966e-01 -1.1742534174e+00 -7.3242655466e-01 -4.1640156848e-01  7.2837649880e-01  5.6438607581e+00  5.2464458455e-01  1.5979860666e+00  4.6909883366e+00  1.4379010336e+00  1.1290456350e+00  5.4080379256e-01 -8.4556243350e-01  3.4818137207e-01  3.6953337839e+00  1.0186171108e+00  2.4351660816e-01  3.6370054260e+00 -3.1541187783e-01 -1.9260064141e-01  4.5933657147e+00 -1.2225045354e+00  2.8598820791e-01  5.5916593630e+00 -8.0684785644e-01  1.1747553408e+00  9.6872883330e-01  1.0905636656e+00 -2.4135622876e+00 -1.2904456394e+00  1.8638521214e+00 -1.7382924924e+00 -2.3875173441e+00  8.9645112201e-01  2.7514288589e-01  2.5912463857e+00 -1.8581472773e+00 -1.2506380994e+00  2.8010986989e+00 -3.7946280832e-01 -2.1753874730e+00 -1.2047163080e+00 -8.4089062260e-01  1.6085314475e+00  6.4153701470e+00  8.4834073166e-01  2.2889253426e+00  4.7217769434e+00  2.4722913770e+00  1.4565201918e+00  1.0632143461e+00 -1.5922434428e+00  9.3880080760e-01  2.9468105290e+00  1.7234548445e+00 -1.0408850535e-01  4.5551552070e+00 -2.2584985034e+00 -3.8875396495e-02  6.3227659047e+00 -1.5225557343e+00  1.5372011202e+00
ENERGY -5.025543717063e+02
GRADIENT  1.2734340000e-04  2.7828590000e-04  3.0009720000e-04 -3.3076400000e-05  6.8744900000e-05 -3.6206300000e-05 -3.9310000000e-05 -8.6127000000e-06 -8.5665000000e-06 -3.2027550000e-04 -3.4674330000e-04 -5.1717550000e-04  3.0760900000e-05 -3.5487990000e-04  4.2167870000e-04  7.8271100000e-05  8.9443300000e-05 -1.2667350000e-04 -1.9207270000e-04 -9.9630100000e-05 -1.4743900000e-04  2.8067000000e-05  5.6951240000e-04  1.5260180000e-04  9.0211200000e-05 -8.5607700000e-05  1.2937140000e-04  3.2862600000e-04 -3.6714630000e-04  1.6786150000e-04  1.6929000000e-06  2.3563610000e-04 -2.2424090000e-04 -1.8805700000e-05 -2.3442440000e-04 -4.0694700000e-05 -7.8903700000e-05  1.0557460000e-04 -5.4938200000e-05 -1.4310000000e-07  1.5320400000e-05  1.0324400000e-05 -3.7014000000e-06  8.4258000000e-06 -9.7444000000e-06 -2.0138000000e-06  1.9360000000e-05 -1.7574000000e-05  5.5741700000e-05  3.5718100000e-05  1.3361600000e-05 -6.4038900000e-05  2.3353200000e-05 -2.8715500000e-05  1.2679200000e-05  1.0714200000e-05 -1.7426200000e-05 -4.6464800000e-05  3.5845600000e-05 -1.4941500000e-05  2.0429400000e-05  6.4183000000e-05  2.2045500000e-05  1.5823900000e-05 -7.6224000000e-06  1.4296600000e-05  5.5097700000e-05 -2.3632800000e-05  3.1485700000e-05 -2.1843500000e-05 -1.8570600000e-05 -3.0119000000e-06 -2.4094900000e-05 -1.3247400000e-05 -1.5776200000e-05

JOB 29
COORDS  4.0387425380e-01  5.7188208100e-01 -1.6018807122e+00 -8.7675718292e-01  9.8286354212e-01 -1.2111565944e+00 -1.4102447446e+00  5.4983820968e-01  5.9798087094e-03  1.1651639143e+00 -2.7533017953e-01 -7.8492141883e-01  2.5576765011e+00 -7.1994115759e-01 -1.1946928636e+00 -6.5578580643e-01 -2.9456547155e-01  8.3132482455e-01  5.6584524173e+00  4.7657013107e-01  1.5942508904e+00  4.7247177127e+00  1.4127009109e+00  1.1311713039e+00  6.2122469438e-01 -7.0060927709e-01  4.3918025858e-01  3.7238997049e+00  1.0238614480e+00  2.3793167749e-01  3.6408413984e+00 -3.0483258779e-01 -2.1117071819e-01  4.5782533363e+00 -1.2348942240e+00  2.6039066212e-01  5.5819524302e+00 -8.4895098937e-01  1.1567032927e+00  8.1557727780e-01  9.1136863748e-01 -2.5480503947e+00 -1.4523719180e+00  1.6399038560e+00 -1.8553365906e+00 -2.4017545088e+00  8.6742645693e-01  3.1166212054e-01  2.5800973828e+00 -1.8120531227e+00 -1.3031188510e+00  2.7861950449e+00 -3.0961212484e-01 -2.1876729556e+00 -1.0624238832e+00 -6.3307811149e-01  1.7789576396e+00  6.4334763994e+00  7.7810111987e-01  2.2912756500e+00  4.7751666307e+00  2.4427125984e+00  1.4696739976e+00  1.2110281108e+00 -1.3425626775e+00  1.0864135244e+00  2.9906844064e+00  1.7466378398e+00 -1.0604835008e-01  4.5205163993e+00 -2.2664699406e+00 -7.5426973392e-02  6.2978196460e+00 -1.5826717150e+00  1.5134967856e+00
ENERGY -5.025544915123e+02
GRADIENT  8.1332200000e-05  1.4023430000e-04  2.7355200000e-05  1.7445800000e-05 -1.3821600000e-05  1.8565400000e-05 -1.4159000000e-06  3.0114000000e-06 -6.0354000000e-06 -8.5593900000e-05 -1.2258900000e-04 -1.1947280000e-04 -1.1590700000e-05 -6.7201800000e-05  1.0648350000e-04 -6.3443000000e-06 -9.8448000000e-06  1.0262600000e-05  1.6159200000e-05 -6.2030000000e-07  2.4015200000e-05 -2.2970000000e-07 -1.5145100000e-05  5.9198000000e-06 -7.1460000000e-06  8.8888000000e-06 -5.5048000000e-06 -1.3047000000e-05 -1.0705000000e-05  7.7277000000e-06  2.0073000000e-05  1.0322920000e-04 -3.8130700000e-05  1.2559600000e-05 -2.0544500000e-05 -2.3052200000e-05 -2.3949600000e-05  1.4260200000e-05 -1.4012400000e-05  5.2142000000e-06  1.2617700000e-05 -5.6270000000e-06  8.0671000000e-06  8.2563000000e-06 -7.8400000000e-08 -1.2980000000e-07 -1.3370000000e-07 -5.8000000000e-07 -1.4524000000e-06  8.0128000000e-06  4.6796000000e-06  1.0355700000e-05 -9.6930000000e-07 -8.0456000000e-06 -3.7824000000e-06 -6.0612000000e-06 -5.8226000000e-06 -1.4762000000e-06 -8.9409000000e-06  1.1006300000e-05  2.0810000000e-07 -8.6288000000e-06  1.4190700000e-05 -6.1784000000e-06 -4.9563000000e-06 -5.6122000000e-06 -6.7760000000e-07 -8.0140000000e-07  9.5332000000e-06 -3.1172000000e-06 -2.3903000000e-06 -5.6787000000e-06 -5.2837000000e-06 -5.1561000000e-06 -2.0868000000e-06

JOB 30
COORDS  3.4523560457e-01  5.2900847050e-01 -1.6630107749e+00 -9.5674293264e-01  8.5345373712e-01 -1.2633116849e+00 -1.4288080100e+00  4.4118835099e-01 -1.3710077801e-02  1.1902421125e+00 -2.1065131054e-01 -8.2361999066e-01  2.6000756715e+00 -5.7645869308e-01 -1.2592505368e+00 -5.9101152976e-01 -2.9544658224e-01  8.3371053458e-01  5.6200767106e+00  4.0247247064e-01  1.6945207103e+00  4.7715784864e+00  1.3982896502e+00  1.1926275243e+00  7.0753856282e-01 -6.1618086536e-01  4.3221106979e-01  3.8001603142e+00  1.0787758761e+00  2.4182205467e-01  3.6614605651e+00 -2.3884971190e-01 -2.2696942653e-01  4.5136344033e+00 -1.2281635671e+00  2.8319138396e-01  5.4881131218e+00 -9.1194413925e-01  1.2377783062e+00  7.0967269090e-01  8.5374138454e-01 -2.6335208234e+00 -1.5968001144e+00  1.4286120458e+00 -1.9247859098e+00 -2.4366689372e+00  6.9304445551e-01  2.9962936930e-01  2.6495830300e+00 -1.6511881768e+00 -1.4798506288e+00  2.8240887047e+00 -6.1037363985e-02 -2.2025479952e+00 -9.4921497831e-01 -6.1605195560e-01  1.8068055113e+00  6.3729597645e+00  6.5046748737e-01  2.4355041824e+00  4.8666118598e+00  2.4204781878e+00  1.5449302189e+00  1.3615367244e+00 -1.1721174004e+00  1.0966386181e+00  3.1331756263e+00  1.8484372569e+00 -1.3453929320e-01  4.4122232979e+00 -2.2509375207e+00 -6.8561530792e-02  6.1385599620e+00 -1.6906479790e+00  1.6232451527e+00
ENERGY -5.025545109930e+02
GRADIENT  7.3581000000e-06  1.6159000000e-06  7.0490000000e-07  3.3310000000e-07  3.3800000000e-08  1.2143000000e-06 -4.2817000000e-06 -4.5681000000e-06  2.2494000000e-06 -9.1480000000e-06 -3.2870000000e-06  4.2108000000e-06  6.5332000000e-06  3.3555000000e-06 -8.4410000000e-06  2.2248000000e-06 -7.3995000000e-06 -3.6387000000e-06 -5.9986000000e-06 -5.0521000000e-06 -3.4258000000e-06 -4.7842000000e-06  2.1270000000e-06  4.6960000000e-06  7.7430000000e-07 -6.6913000000e-06  6.1690000000e-07  3.7869000000e-06  3.5636000000e-06  7.5544000000e-06  6.4420000000e-07  5.9662000000e-06 -8.6149000000e-06 -4.5425000000e-06  1.1188000000e-05 -9.6830000000e-07  7.5623000000e-06 -4.2257000000e-06  3.1455000000e-06  5.2910000000e-07  8.1780000000e-06  3.1652000000e-06 -2.0795000000e-06  1.3000000000e-06  4.6261000000e-06 -2.0693000000e-06 -8.1262000000e-06  1.5958000000e-06  3.8470000000e-06  5.2190000000e-06 -8.1105000000e-06 -2.2290000000e-06  1.1710600000e-05  1.4656000000e-06 -1.1030000000e-07 -1.1845300000e-05 -3.5150000000e-06 -2.4846000000e-06 -2.3164000000e-06  3.5257000000e-06 -4.1272000000e-06 -1.7017000000e-06  1.0086900000e-05  1.8658000000e-06 -4.5408000000e-06 -5.3643000000e-06 -1.6787000000e-06  1.1903000000e-06  6.0568000000e-06  5.3886000000e-06  4.6214000000e-06 -8.0146000000e-06  2.6863000000e-06 -3.1510000000e-07 -4.8213000000e-06

JOB 31
COORDS  3.1980555885e-01  6.6758449115e-01 -1.6856138578e+00 -9.7746222760e-01  9.9212600785e-01 -1.2735723685e+00 -1.4240934614e+00  6.1381019981e-01 -3.4900607760e-03  1.1874526794e+00 -3.8531388828e-02 -8.3915181120e-01  2.5846956327e+00 -4.1823972419e-01 -1.3081532891e+00 -5.6484665602e-01 -8.9279639166e-02  8.4985574491e-01  5.6321842445e+00  3.1240773594e-02  1.7419754610e+00  4.8962900326e+00  1.1414691187e+00  1.3067444705e+00  7.3019895261e-01 -4.1135107432e-01  4.3555166936e-01  3.9159333382e+00  9.9184089699e-01  3.2376252893e-01  3.6557945836e+00 -2.6702060602e-01 -2.4490283459e-01  4.3957351442e+00 -1.3716304619e+00  1.9980236924e-01  5.3786354862e+00 -1.2261189867e+00  1.1865140436e+00  6.6413284294e-01  9.6705479634e-01 -2.6716052556e+00 -1.6339454255e+00  1.5419796223e+00 -1.9404917020e+00 -2.4284243952e+00  8.6687969175e-01  3.2005899203e-01  2.5796400479e+00 -1.4592337216e+00 -1.6597767821e+00  2.8402981297e+00  1.9649315542e-01 -2.1811208402e+00 -9.0250612575e-01 -3.8337975864e-01  1.8385652044e+00  6.3931013833e+00  1.4704983775e-01  2.5068220724e+00  5.0863234670e+00  2.1204248105e+00  1.7351820623e+00  1.3989984683e+00 -9.4283970361e-01  1.1045262400e+00  3.3371626331e+00  1.8506154996e+00 -2.6146021346e-03  4.2006918946e+00 -2.3503151539e+00 -2.2941991078e-01  5.9414873533e+00 -2.0923321012e+00  1.5194892485e+00
ENERGY -5.025544477106e+02
GRADIENT -9.5990900000e-05 -2.9138730000e-04 -9.8450400000e-05 -7.7835000000e-06  5.9930000000e-07  2.5587000000e-06 -1.7255900000e-05  5.1726000000e-06 -4.8773000000e-06  1.3840090000e-04  3.0350750000e-04  1.9769060000e-04  1.6833400000e-05  2.4343160000e-04 -1.7511630000e-04  1.6717300000e-05 -1.5358000000e-06 -1.9109200000e-05 -5.5245000000e-06  1.9909400000e-05  3.2784000000e-06  9.6522000000e-06 -8.1626000000e-06  1.0194400000e-05 -2.0399000000e-06 -7.8077000000e-06  1.3213500000e-05 -1.3057200000e-05 -4.5525000000e-06 -1.4172100000e-05 -3.9553700000e-05 -2.4373980000e-04  8.5369600000e-05  1.2755700000e-05 -3.9231000000e-06  9.6626000000e-06 -1.1643100000e-05 -1.3759400000e-05 -1.0725600000e-05 -9.2700000000e-08  2.6330000000e-07  1.6219000000e-06 -1.1603000000e-06 -4.8610000000e-07 -1.3927000000e-06 -2.9690000000e-06 -2.3378000000e-06 -2.1325000000e-06  3.4034000000e-06  1.2287000000e-06 -8.2880000000e-07  3.9513000000e-06  2.5735000000e-06  2.4975000000e-06 -2.5168000000e-06 -2.5824000000e-06 -5.3363000000e-06 -8.3210000000e-07 -2.8534000000e-06  3.6915000000e-06 -4.9725000000e-06  1.5921000000e-06  2.2584000000e-06 -1.1590000000e-07 -1.0604000000e-06 -5.2210000000e-06 -1.8850000000e-07  1.3304000000e-06  4.9038000000e-06  1.1864000000e-06  2.0194000000e-06 -2.0581000000e-06  2.7959000000e-06  2.5602000000e-06  2.4792000000e-06

JOB 32
COORDS  2.5799772412e-01  5.9543770170e-01 -1.7158375586e+00 -1.0504050014e+00  8.6310744799e-01 -1.3015095053e+00 -1.4460920926e+00  5.6053792980e-01  6.0377785138e-03  1.1902398735e+00  2.3236838061e-02 -8.3573699868e-01  2.5961612813e+00 -3.0391256610e-01 -1.3236216559e+00 -5.2482767918e-01 -1.0324786517e-02  8.9125594955e-01  5.6395270603e+00 -5.7802554701e-02  1.7513642417e+00  4.9562988979e+00  1.0935185654e+00  1.3378185556e+00  7.8283949581e-01 -2.7693105539e-01  4.7368207790e-01  3.9779781593e+00  1.0091826703e+00  3.4489161945e-01  3.6673622256e+00 -2.2347429937e-01 -2.5506134977e-01  4.3548621656e+00 -1.3693781685e+00  1.6887200462e-01  5.3356592496e+00 -1.2898621444e+00  1.1651114605e+00  5.6213160442e-01  8.3613832713e-01 -2.7309118616e+00 -1.7557184348e+00  1.3106690319e+00 -1.9946375167e+00 -2.4596007409e+00  7.7033367510e-01  3.3191859460e-01  2.5996794707e+00 -1.3157784952e+00 -1.7529208937e+00  2.8449245989e+00  3.7544532424e-01 -2.1495149016e+00 -8.2260804683e-01 -2.4586214925e-01  1.9081274136e+00  6.3995214021e+00  6.8994711894e-03  2.5231238515e+00  5.1861486155e+00  2.0531881582e+00  1.7896982964e+00  1.4956337111e+00 -7.1072510835e-01  1.1665424184e+00  3.4408126611e+00  1.9001582168e+00  3.3826999237e-02  4.1205222939e+00 -2.3283264835e+00 -2.8439488853e-01  5.8582349158e+00 -2.1871789101e+00  1.4808127779e+00
ENERGY -5.025542297263e+02
GRADIENT -2.9484950000e-04 -6.8826130000e-04 -5.2407500000e-05 -1.2992830000e-04  8.0293400000e-05 -1.3360250000e-04  1.4618580000e-04 -3.4119800000e-05 -4.3377100000e-05  3.4106260000e-04  7.1137920000e-04  3.0162780000e-04  3.5686400000e-05  5.5280610000e-04 -2.6703430000e-04 -1.6495200000e-05 -7.5711000000e-06  3.8627700000e-05 -8.2960700000e-05 -7.8617000000e-06 -8.3746900000e-05  2.6065300000e-05  1.2346010000e-04  5.4590000000e-05  2.2778500000e-05 -4.9510000000e-06 -7.9747000000e-06  4.2810100000e-05 -8.3196500000e-05  2.3569300000e-05 -1.1746740000e-04 -6.1514960000e-04  1.2727400000e-04 -1.7502000000e-06  3.2455200000e-05  1.0071600000e-05  3.9207900000e-05 -5.8779000000e-05  2.6538300000e-05 -1.4939400000e-05 -1.8610000000e-06  1.3852300000e-05 -1.6784900000e-05  6.6486000000e-06 -1.7239900000e-05  1.4811400000e-05 -6.6450000000e-07 -1.6798900000e-05  6.8600000000e-08 -8.1859000000e-06 -9.8710000000e-07 -1.3039300000e-05 -3.5418000000e-06  8.3337000000e-06  9.8806000000e-06 -5.7624000000e-06  6.4981000000e-06 -1.0726000000e-05  6.9215000000e-06 -8.5927000000e-06  2.0365000000e-06  1.7728500000e-05  5.3552000000e-06  5.2556000000e-06  1.3108000000e-06  3.4059000000e-06  7.7931000000e-06 -8.7332000000e-06  5.1117000000e-06  3.1098000000e-06  4.4659000000e-06  5.5283000000e-06  2.1895000000e-06 -8.8306000000e-06  1.3778000000e-06

JOB 33
COORDS  2.9201525917e-01  5.7813760101e-01 -1.8135427549e+00 -1.0373901038e+00  7.9713691952e-01 -1.4424087023e+00 -1.4464635197e+00  5.5509296008e-01 -1.2559576195e-01  1.2346454397e+00  1.1436618137e-01 -8.8076137846e-01  2.6662855830e+00 -1.5821198323e-01 -1.3328139156e+00 -5.1604088831e-01  9.2772720949e-02  8.1028287627e-01  5.5507023456e+00 -2.3153008876e-01  1.8980054288e+00  4.9845170521e+00  9.8068648411e-01  1.4827363000e+00  8.1436089160e-01 -1.2702025939e-01  4.3572237040e-01  4.0610950672e+00  1.0005602058e+00  4.3485086346e-01  3.6892380574e+00 -1.8730196349e-01 -2.1766683971e-01  4.2607710576e+00 -1.3951788450e+00  2.0753280245e-01  5.1861025683e+00 -1.4198494116e+00  1.2578665557e+00  6.0521356328e-01  7.7167505401e-01 -2.8360806098e+00 -1.7503332930e+00  1.1597305255e+00 -2.1762029313e+00 -2.4772260106e+00  7.2761891013e-01  1.6636592105e-01  2.6914724979e+00 -1.1201718067e+00 -1.8641696598e+00  2.9481303250e+00  6.0221712799e-01 -2.0732225654e+00 -8.2290397910e-01 -9.6360610045e-02  1.8341321262e+00  6.2679853787e+00 -2.4771932078e-01  2.7120307851e+00  5.2628657726e+00  1.9069980892e+00  1.9750676640e+00  1.5306540614e+00 -4.8138997833e-01  1.1682608636e+00  3.6150771739e+00  1.9397667356e+00  1.2128386912e-01  3.9773142315e+00 -2.3201447825e+00 -2.8631206374e-01  5.6191900814e+00 -2.3635834273e+00  1.5735741818e+00
ENERGY -5.025539402808e+02
GRADIENT -1.6626170000e-04 -6.5363820000e-04 -1.3775510000e-04 -5.8856000000e-06 -5.3620000000e-07 -5.0850000000e-07 -8.6070000000e-07  3.1952000000e-06 -1.1280000000e-07  2.0319250000e-04  6.9507150000e-04  2.4191170000e-04  5.7163300000e-05  5.4581910000e-04 -1.6653280000e-04  1.6208000000e-06  2.4203000000e-06  4.6634000000e-06  2.5050000000e-07  3.0569000000e-06 -3.6372000000e-06  3.2986000000e-06  4.2093000000e-06 -2.4630000000e-06 -4.0674000000e-06  1.7422000000e-06  2.0643000000e-06 -5.1610000000e-07 -5.9721000000e-06 -6.0850000000e-07 -9.0740900000e-05 -5.9489760000e-04  5.9477500000e-05  3.4899000000e-06  4.0616000000e-06  1.3753000000e-06  1.5950000000e-06 -2.7047000000e-06  2.6343000000e-06 -2.2308000000e-06 -7.2720000000e-06  2.1937000000e-06 -2.1518000000e-06 -2.4849000000e-06  1.7356000000e-06  4.8710000000e-07  3.5647000000e-06  3.2857000000e-06 -5.2879000000e-06 -4.6627000000e-06  3.6397000000e-06  3.3491000000e-06 -7.8562000000e-06 -5.7428000000e-06  3.0280000000e-07  7.0177000000e-06  3.4605000000e-06  1.7813000000e-06  3.7853000000e-06 -2.9065000000e-06  2.9427000000e-06  3.7275000000e-06 -6.9573000000e-06 -1.6922000000e-06  3.1822000000e-06 -1.0444000000e-06  1.7707000000e-06 -1.7715000000e-06 -6.2243000000e-06 -1.7535000000e-06 -6.1440000000e-07  4.1138000000e-06  2.0420000000e-07  1.5573000000e-06  3.9378000000e-06

JOB 34
COORDS  2.4064096107e-01  4.6531750079e-01 -1.8199218673e+00 -1.0953124247e+00  6.0814458937e-01 -1.4382534171e+00 -1.4635862523e+00  4.4418594652e-01 -9.6884150767e-02  1.2324525227e+00  1.5546403248e-01 -8.7325896597e-01  2.6759443757e+00 -1.9351980281e-02 -1.3409100999e+00 -4.8481756569e-01  1.3653764772e-01  8.5210325868e-01  5.5548892202e+00 -2.8815802143e-01  1.8823599814e+00  5.0736065971e+00  9.6003743823e-01  1.4684898487e+00  8.5367905795e-01 -7.6749039166e-03  4.6682500117e-01  4.1533892434e+00  1.0436437123e+00  4.2006851809e-01  3.7002308032e+00 -1.1495174529e-01 -2.3249749281e-01  4.1886016363e+00 -1.3599886253e+00  1.9147562990e-01  5.1100161031e+00 -1.4488031905e+00  1.2409439955e+00  5.2110275415e-01  5.9640863556e-01 -2.8618263359e+00 -1.8470508063e+00  8.4899604979e-01 -2.1832944348e+00 -2.5005268312e+00  5.5704623876e-01  2.0220163910e-01  2.7343288960e+00 -9.2293378877e-01 -1.9638615475e+00  2.9303824372e+00  8.1951689010e-01 -2.0025582790e+00 -7.5906063680e-01  8.4380111560e-03  1.8945143742e+00  6.2700616789e+00 -3.5410378569e-01  2.6957198301e+00  5.4155245908e+00  1.8648620578e+00  1.9607251516e+00  1.6064800921e+00 -2.4371695923e-01  1.2097168998e+00  3.7755952240e+00  2.0119584903e+00  1.0505452870e-01  3.8417603748e+00 -2.2626619445e+00 -3.0310748136e-01  5.4789479598e+00 -2.4199148813e+00  1.5551105651e+00
ENERGY -5.025537330700e+02
GRADIENT -2.8560500000e-05 -2.6248210000e-04 -1.5898940000e-04  8.9262000000e-05 -3.3992000000e-05  1.0610360000e-04 -1.0716100000e-05  4.6642000000e-06 -1.0667100000e-05  7.8925600000e-05  2.9565860000e-04  4.4196600000e-05  2.7489800000e-05  2.2415310000e-04 -2.4251200000e-05 -2.3511900000e-05 -1.8024700000e-05  1.4612650000e-04 -8.0864600000e-05  2.1308300000e-05 -9.6630400000e-05  2.8959100000e-05  5.2656400000e-05  3.0332700000e-05 -1.0281260000e-04  3.5114000000e-05 -1.2233650000e-04 -5.0369000000e-06 -1.6423700000e-05  3.1824000000e-06 -5.1538800000e-05 -2.3733320000e-04 -1.7862300000e-05  2.6573200000e-05  7.1076000000e-05  4.6245700000e-05  4.2968300000e-05 -1.2585230000e-04  3.3877600000e-05  1.0649700000e-05 -4.6451000000e-06 -1.0927000000e-05  1.4835300000e-05 -7.1796000000e-06  8.2377000000e-06  4.7513000000e-06 -3.3218000000e-06  2.3695400000e-05 -7.9515000000e-06 -5.0170000000e-06  1.6010000000e-06 -1.9640000000e-07 -4.6769000000e-06 -3.5233000000e-06 -1.3499000000e-05  4.2913000000e-06  1.6142800000e-05 -8.1138000000e-06 -6.8110000000e-07 -1.4200800000e-05 -5.3340000000e-07  1.4263300000e-05 -7.1879000000e-06 -9.4866000000e-06  5.6466000000e-06 -6.3228000000e-06  4.6710000000e-06 -7.1030000000e-07 -3.1620000000e-06  7.4132000000e-06  4.7972000000e-06  1.0599700000e-05  6.3237000000e-06 -1.3289100000e-05  5.7191000000e-06

JOB 35
COORDS  2.0545565508e-01  3.8493197709e-01 -1.8082580645e+00 -1.1341509735e+00  4.5302510498e-01 -1.4202205838e+00 -1.4775552490e+00  3.4986052070e-01 -6.6063000601e-02  1.2259403432e+00  2.1310722828e-01 -8.5631608165e-01  2.6757584255e+00  1.4541303311e-01 -1.3332600426e+00 -4.7057508246e-01  1.7830404065e-01  8.8747756452e-01  5.5701876348e+00 -3.8866447121e-01  1.8421001425e+00  5.1898215218e+00  8.9881499653e-01  1.4464813268e+00  8.7246345011e-01  1.1020390726e-01  4.9620667870e-01  4.2631172854e+00  1.0690049753e+00  4.1324519218e-01  3.7039380340e+00 -4.0577311145e-02 -2.4068517335e-01  4.0921848827e+00 -1.3269628913e+00  1.6609504626e-01  5.0185435966e+00 -1.5024742219e+00  1.1988563953e+00  4.6694017507e-01  4.6511307173e-01 -2.8602608880e+00 -1.9080504306e+00  5.8601228170e-01 -2.1696545226e+00 -2.5176335778e+00  4.0274573006e-01  2.3864133400e-01  2.7646319799e+00 -6.7521668430e-01 -2.0582309330e+00  2.9015235848e+00  1.0650688729e+00 -1.8900581081e+00 -7.2628480960e-01  9.6813219938e-02  1.9392299240e+00  6.2904729417e+00 -5.2244615672e-01  2.6424806475e+00  5.6148201752e+00  1.7672238817e+00  1.9395922846e+00  1.6466031336e+00 -2.3402018886e-02  1.2425470580e+00  3.9662009115e+00  2.0688070020e+00  1.0995842607e-01  3.6628881696e+00 -2.1925579015e+00 -3.3011174017e-01  5.3100388263e+00 -2.5038511208e+00  1.4991418220e+00
ENERGY -5.025537053374e+02
GRADIENT -3.0174500000e-05  1.7575200000e-05  4.8827200000e-05 -1.1166010000e-04  3.5441000000e-06 -8.2246000000e-05  5.1812700000e-05 -5.8372000000e-06 -2.3978200000e-05 -4.2960500000e-05 -1.1420800000e-05  3.2285600000e-05 -2.8680100000e-05 -4.3486800000e-05  1.9213200000e-05  5.1661800000e-05  6.5973000000e-06 -1.7125130000e-04 -1.6534940000e-04  5.2698000000e-05 -1.7757390000e-04  6.4557000000e-05  1.0467030000e-04  5.7081400000e-05  1.4797990000e-04 -1.9529700000e-05  1.8023720000e-04  5.2756000000e-06 -2.3540700000e-05  3.6971500000e-05 -6.1768200000e-05  2.3294500000e-05 -3.2905600000e-05  6.3136300000e-05  1.1616320000e-04  7.6293500000e-05  7.3023000000e-05 -2.2056760000e-04  5.9245000000e-05 -2.9167400000e-05 -1.6791900000e-05 -1.0315200000e-05 -8.7402000000e-06 -6.0876000000e-06 -1.1313200000e-05  1.2850000000e-06  7.9030000000e-07 -1.8031800000e-05 -2.7829600000e-05 -3.6079000000e-06  9.9360000000e-06 -1.9985000000e-05  8.1865000000e-06 -1.9292500000e-05  2.7860600000e-05  4.4132000000e-06 -1.5334100000e-05 -2.1608300000e-05  5.9158000000e-06 -1.9184300000e-05 -3.2658000000e-06  3.1852800000e-05 -9.7163000000e-06  3.7065900000e-05 -1.4433900000e-05  3.4103800000e-05  5.3393000000e-06  5.5696000000e-06  2.9942000000e-06  1.4344700000e-05  5.3992000000e-06  2.2495100000e-05  7.8470000000e-06 -2.1365800000e-05  1.1458500000e-05

